10
15
m 0 14
m 0 14
w 9 1
w 9 2
w 9 3
w 6 1
w 6 12
w 6 13
w 3 2
w 3 3
w 3 6
w 3 8
w 3 9
w 3 11
w 3 12
w 0 0
w 0 1
w 0 3
w 4 2
w 4 3
w 4 8
w 4 9
w 4 11
w 4 12
w 1 8
w 1 9
w 1 11
w 1 12
w 8 1
w 8 2
w 8 3
w 5 2
w 5 12
w 5 13
w 2 6
w 2 8
w 2 9
w 2 11
w 2 12
1 9 0
2 9 0
3 9 0
p 3 1
p 7 3
p 3 4
p 3 5
p 7 5
p 3 7
p 7 6
p 3 10
p 7 11
p 7 12
p 3 13
p 5 5
p 5 6
p 8 4
p 4 6
p 0 7
p 0 8
p 8 6
p 4 10
p 0 11
p 8 8
p 0 13
p 4 14
p 8 9
p 8 12
p 8 13
p 8 14
p 9 0
p 1 1
p 5 3
p 9 4
p 9 5
p 1 4
p 1 5
p 9 8
p 1 7
p 9 10
p 9 11
p 9 12
p 9 13
p 9 14
p 1 13
p 1 14
p 5 8
p 2 2
p 6 3
p 2 3
p 2 4
p 6 6
p 2 7
t 300 0
m 0 13
m 0 14
1 8 0
2 8 0
3 8 0
t 299 2
m 1 13
m 0 14
1 7 0
2 7 0
3 7 0
t 298 4
m 1 14
m 0 14
1 8 0
2 6 0
3 6 0
t 297 6
m 1 13
m 0 14
1 7 0
2 5 0
3 5 0
t 296 6
m 2 13
m 0 14
1 6 0
2 6 0
3 6 0
t 295 6
m 3 13
m 0 14
1 5 0
2 7 0
3 5 0
t 294 8
m 3 14
m 0 14
1 4 0
2 8 0
3 5 1
t 293 8
m 4 14
m 0 14
1 5 0
2 7 0
3 5 0
t 292 10
m 4 14
m 0 14
1 4 0
2 7 1
3 5 1
t 291 10
m 4 13
m 0 13
1 5 0
2 7 0
3 5 0
f 7 1
t 290 10
m 4 13
m 0 12
1 4 0
2 6 0
3 4 0
t 289 10
m 4 13
m 0 11
1 5 0
2 5 0
3 3 0
t 288 12
m 4 13
m 0 10
1 5 1
2 5 1
3 3 1
t 287 12
m 4 13
m 0 9
1 5 0
2 5 0
3 2 1
t 286 12
m 4 13
m 0 8
1 5 1
2 4 0
3 3 1
t 285 14
m 4 13
m 0 7
1 5 0
2 4 1
3 4 1
t 284 16
m 4 13
m 1 7
1 4 0
2 4 0
3 3 1
t 283 18
m 4 13
m 2 7
1 3 0
2 3 0
3 4 1
t 282 20
m 4 13
m 3 7
1 3 1
2 2 0
3 5 1
t 281 22
m 4 13
m 4 7
1 3 0
2 3 0
3 4 1
t 280 22
m 4 13
m 4 7
1 4 0
2 2 0
3 3 1
t 279 22
m 4 13
m 4 6
1 5 0
2 1 0
3 3 0
t 278 24
m 4 13
m 5 6
1 4 0
2 2 0
3 2 0
t 277 26
m 4 13
m 6 6
1 4 1
2 3 0
3 2 1
t 276 28
m 4 13
m 7 6
1 3 1
2 4 0
3 2 2
t 275 30
m 4 13
m 7 5
1 2 1
2 5 0
3 1 2
t 274 32
m 4 13
m 7 4
1 1 1
2 5 1
3 1 1
t 273 32
m 4 13
m 7 5
1 1 0
2 5 0
3 1 0
t 272 32
m 4 13
m 7 4
1 2 0
2 4 0
3 1 1
t 271 32
m 4 13
m 8 4
1 2 1
2 4 1
3 1 2
t 270 34
m 4 13
m 9 4
1 1 1
2 5 1
3 1 1
t 269 36
m 4 13
m 8 4
1 1 2
2 5 0
3 2 1
t 268 36
m 4 13
m 9 4
1 1 1
2 6 0
3 2 0
t 267 36
m 4 13
m 9 4
1 1 2
2 7 0
3 2 1
t 266 36
m 4 13
m 8 4
1 2 2
2 8 0
3 2 0
t 265 36
m 4 13
m 7 4
1 2 3
2 9 0
3 3 0
t 264 36
m 4 13
m 7 3
1 2 4
2 8 0
3 3 1
t 263 38
m 4 13
m 6 3
1 3 4
2 9 0
3 3 0
t 262 40
m 4 13
m 7 3
1 3 5
2 8 0
3 2 0
t 261 40
m 4 13
m 7 3
1 4 5
2 9 0
3 3 0
t 260 40
m 4 13
m 7 3
1 4 6
2 8 0
3 2 0
t 259 40
m 4 13
m 7 3
1 4 7
2 9 0
3 3 0
t 258 40
m 4 13
m 7 2
1 4 6
2 8 0
3 4 0
t 257 40
m 4 13
m 7 1
1 5 6
2 7 0
3 4 1
t 256 50
m 4 13
m 7 1
1 6 6
2 8 0
3 3 1
t 255 50
m 4 13
m 7 1
1 6 5
2 9 0
3 3 0
t 254 50
m 4 13
m 7 1
1 7 5
2 8 0
3 4 0
t 253 50
m 4 13
m 7 1
1 7 6
2 9 0
3 5 0
t 252 50
m 4 13
m 7 1
1 7 5
2 8 0
3 6 0
t 251 50
m 4 13
m 7 1
1 6 5
2 9 0
3 5 0
t 250 50
m 4 13
m 7 1
1 5 5
2 8 0
3 6 0
t 249 50
m 4 13
m 7 1
1 5 4
2 9 0
3 5 0
t 248 50
m 4 13
m 7 1
1 5 5
2 8 0
3 6 0
t 247 50
m 4 13
m 7 1
1 5 4
2 9 0
3 7 0
t 246 50
m 4 13
m 7 1
1 5 3
2 8 0
3 6 0
t 245 50
m 4 13
m 7 1
1 5 4
2 9 0
3 5 0
t 244 50
m 4 13
m 7 1
1 5 5
2 8 0
3 6 0
t 243 50
m 4 13
m 7 1
1 4 5
2 9 0
3 5 0
t 242 50
m 3 13
m 7 2
1 4 6
2 8 0
3 5 1
f 2 10
t 241 50
m 3 13
m 7 3
1 4 7
2 9 0
3 4 1
t 240 50
m 3 13
m 7 4
1 3 7
2 8 0
3 3 1
t 239 50
m 3 13
m 6 4
1 4 7
2 7 0
3 2 1
t 238 50
m 3 13
m 6 4
1 3 7
2 8 0
3 2 2
t 237 50
m 3 13
m 6 4
1 2 7
2 9 0
3 2 3
t 236 50
m 3 13
m 6 5
1 1 7
2 8 0
3 2 2
t 235 50
m 3 13
m 5 5
1 0 7
2 9 0
3 2 3
t 234 52
m 3 13
m 5 4
1 0 6
2 8 0
3 1 3
t 233 52
m 3 13
m 5 4
1 0 5
2 7 0
3 2 3
t 232 52
m 3 13
m 5 5
1 0 6
2 6 0
3 1 3
t 231 52
m 3 13
m 5 5
1 0 5
2 7 0
3 1 2
t 230 52
m 3 13
m 5 6
1 1 5
2 6 0
3 0 2
t 229 52
m 3 13
m 5 7
1 0 5
2 7 0
3 1 2
t 228 52
m 3 13
m 5 8
1 0 6
2 7 1
3 0 2
t 227 54
m 3 13
m 5 9
1 1 6
2 7 2
3 1 2
t 226 54
m 3 13
m 6 9
1 0 6
2 6 2
3 1 3
t 225 54
m 3 13
m 6 10
1 0 7
2 6 3
3 1 4
t 224 54
m 3 13
m 5 10
1 1 7
2 7 3
3 1 3
t 223 54
m 3 13
m 5 11
1 2 7
2 7 4
3 1 4
t 222 54
m 3 13
m 6 11
1 1 7
2 7 3
3 2 4
t 221 54
m 3 13
m 7 11
1 0 7
2 7 2
3 2 3
t 220 56
m 3 13
m 6 11
1 0 8
2 7 3
3 2 2
t 219 56
m 3 13
m 6 10
1 0 9
2 7 2
3 2 3
t 218 56
m 3 13
m 5 10
1 0 10
2 7 3
3 1 3
t 217 56
m 3 13
m 5 10
1 1 10
2 7 2
3 1 4
t 216 56
m 3 13
m 4 10
1 2 10
2 7 1
3 1 5
t 215 58
m 3 13
m 4 10
1 1 10
2 7 0
3 1 6
t 214 58
m 3 13
m 4 10
1 2 10
2 8 0
3 0 6
t 213 58
m 3 13
m 4 10
1 1 10
2 7 0
3 1 6
t 212 58
m 3 13
m 4 10
1 0 10
2 7 1
3 1 5
t 211 58
m 3 13
m 3 10
1 1 10
2 7 2
3 1 4
t 210 60
m 2 13
m 4 10
1 0 10
2 7 1
3 2 4
t 209 60
m 2 13
m 3 10
1 0 9
2 7 0
3 3 4
t 208 60
m 2 13
m 2 10
1 0 10
2 7 1
3 3 5
t 207 70
m 2 13
m 2 10
1 0 11
2 7 2
3 3 4
t 206 70
m 2 13
m 2 10
1 0 12
2 7 1
3 2 4
t 205 70
m 2 13
m 2 10
1 0 13
2 7 0
3 2 5
t 204 70
m 2 13
m 2 10
1 0 12
2 7 1
3 1 5
t 203 70
m 3 13
m 3 10
1 0 11
2 7 0
3 1 4
f 6 11
t 202 70
m 4 13
m 4 10
1 0 12
2 8 0
3 1 3
t 201 70
m 4 13
m 5 10
1 0 11
2 7 0
3 1 4
t 200 70
m 4 13
m 5 10
1 0 12
2 6 0
3 0 4
t 199 70
m 4 13
m 6 10
1 0 11
2 7 0
3 1 4
t 198 70
m 4 13
m 6 10
1 0 12
2 6 0
3 1 3
t 197 70
m 4 13
m 7 10
1 0 11
2 7 0
3 1 2
t 196 70
m 4 13
m 8 10
1 0 10
2 8 0
3 1 3
t 195 70
m 4 13
m 8 9
1 0 9
2 9 0
3 2 3
t 194 72
m 4 13
m 8 10
1 0 8
2 8 0
3 2 4
t 193 72
m 4 13
m 8 11
1 0 9
2 7 0
3 2 3
t 192 72
m 4 13
m 7 11
1 0 8
2 6 0
3 2 2
t 191 72
m 4 13
m 6 11
1 0 9
2 7 0
3 2 3
t 190 82
m 4 13
m 6 11
1 0 8
2 8 0
3 2 2
t 189 82
m 4 14
m 7 11
1 0 7
2 9 0
3 2 1
f 3 14
t 188 82
m 3 14
m 6 11
1 0 6
2 8 0
3 1 1
t 187 92
m 3 14
m 6 11
1 1 6
2 9 0
3 2 1
t 186 92
m 3 14
m 6 11
1 1 5
2 8 0
3 3 1
t 185 92
m 3 14
m 6 11
1 0 5
2 7 0
3 4 1
t 184 92
m 3 14
m 6 11
1 1 5
2 8 0
3 5 1
t 183 92
m 3 14
m 6 11
1 2 5
2 7 0
3 4 1
t 182 92
m 3 14
m 6 11
1 1 5
2 7 1
3 5 1
t 181 92
m 3 14
m 6 11
1 2 5
2 7 0
3 5 0
t 180 92
m 3 14
m 6 11
1 3 5
2 7 1
3 6 0
t 179 92
m 3 14
m 6 11
1 3 4
2 7 0
3 7 0
t 178 92
m 3 14
m 6 11
1 3 5
2 6 0
3 8 0
t 177 92
m 3 14
m 6 11
1 2 5
2 7 0
3 7 0
t 176 92
m 3 14
m 6 11
1 1 5
2 8 0
3 8 0
t 175 92
m 3 14
m 6 11
1 0 5
2 7 0
3 9 0
t 174 92
m 3 14
m 6 11
1 0 6
2 8 0
3 8 0
t 173 92
m 3 14
m 6 11
1 0 5
2 7 0
3 7 0
t 172 92
m 3 14
m 6 11
1 0 6
2 7 1
3 7 1
t 171 92
m 4 14
m 6 11
1 0 5
2 7 2
3 7 0
f 5 14
t 170 92
m 5 14
m 5 11
1 1 5
2 6 2
3 7 1
t 169 102
m 6 14
m 5 11
1 0 5
2 6 3
3 7 0
t 168 102
m 7 14
m 5 11
1 1 5
2 5 3
3 6 0
t 167 102
m 8 14
m 5 11
1 2 5
2 6 3
3 5 0
t 166 104
m 8 13
m 5 11
1 3 5
2 5 3
3 5 1
t 165 106
m 8 12
m 5 11
1 3 4
2 6 3
3 5 0
t 164 107
m 7 12
m 5 11
1 2 4
2 6 4
3 6 0
t 163 110
m 8 12
m 5 11
1 1 4
2 5 4
3 5 0
t 162 110
m 9 12
m 5 11
1 1 3
2 4 4
3 4 0
t 161 112
m 9 13
m 5 11
1 1 4
2 5 4
3 5 0
t 160 114
m 9 14
m 5 11
1 1 5
2 5 3
3 6 0
t 159 116
m 9 13
m 5 11
1 0 5
2 5 4
3 7 0
t 158 116
m 9 12
m 5 11
1 1 5
2 5 5
3 6 0
t 157 116
m 9 11
m 6 11
1 0 5
2 5 4
3 5 0
f 9 14
t 156 118
m 9 10
m 7 11
1 1 5
2 5 5
3 6 0
t 155 120
m 9 9
m 7 12
1 0 5
2 5 4
3 7 0
t 154 120
m 9 8
m 7 12
1 0 6
2 5 5
3 7 1
t 153 122
m 8 8
m 8 12
1 1 6
2 5 4
3 7 0
t 152 124
m 8 7
m 8 13
1 1 5
2 5 3
3 8 0
t 151 124
m 8 6
m 9 13
1 1 4
2 5 4
3 9 0
t 150 126
m 8 5
m 9 14
1 1 3
2 6 4
3 8 0
t 149 136
m 9 5
m 9 14
1 2 3
2 6 5
3 9 0
t 148 138
m 9 5
m 9 14
1 2 4
2 6 4
3 8 0
t 147 138
m 9 5
m 9 14
1 2 3
2 6 5
3 9 0
t 146 138
m 9 5
m 9 14
1 2 2
2 7 5
3 8 0
t 145 138
m 9 5
m 9 14
1 1 2
2 6 5
3 9 0
t 144 138
m 9 5
m 9 14
1 1 1
2 6 4
3 8 0
t 143 138
m 9 5
m 9 14
1 2 1
2 7 4
3 7 0
t 142 138
m 9 5
m 9 14
1 2 2
2 6 4
3 8 0
t 141 138
m 9 5
m 9 14
1 2 1
2 5 4
3 9 0
t 140 138
m 9 5
m 9 14
1 3 1
2 5 5
3 8 0
t 139 138
m 9 5
m 9 14
1 2 1
2 6 5
3 9 0
t 138 138
m 9 5
m 9 14
1 2 2
2 7 5
3 8 0
t 137 138
m 9 5
m 9 14
1 2 3
2 7 4
3 7 0
t 136 138
m 9 5
m 9 14
1 1 3
2 8 4
3 8 0
t 135 138
m 9 5
m 9 14
1 1 4
2 7 4
3 9 0
t 134 138
m 9 5
m 9 14
1 0 4
2 6 4
3 8 0
t 133 138
m 9 5
m 9 14
1 1 4
2 7 4
3 9 0
t 132 138
m 9 5
m 9 14
1 2 4
2 6 4
3 8 0
t 131 138
m 9 5
m 9 14
1 2 5
2 6 3
3 7 0
t 130 138
m 9 6
m 9 13
1 3 5
2 5 3
3 7 1
t 129 148
m 9 6
m 9 13
1 2 5
2 5 4
3 7 0
t 128 148
m 9 6
m 9 13
1 3 5
2 4 4
3 6 0
t 127 148
m 9 5
m 9 13
1 3 4
2 4 5
3 7 0
f 7 13
t 126 148
m 9 4
m 8 13
1 4 4
2 4 6
3 8 0
t 125 148
m 8 4
m 8 14
1 3 4
2 5 6
3 7 0
t 124 148
m 7 4
m 8 13
1 4 4
2 6 6
3 7 1
t 123 148
m 7 3
m 8 13
1 5 4
2 7 6
3 7 2
t 122 148
m 6 3
m 7 13
1 4 4
2 7 7
3 7 1
t 121 158
m 5 3
m 7 13
1 4 5
2 8 7
3 7 0
t 120 160
m 5 4
m 7 13
1 3 5
2 8 8
3 6 0
t 119 160
m 4 4
m 7 13
1 3 4
2 8 9
3 5 0
t 118 160
m 3 4
m 7 13
1 4 4
2 7 9
3 4 0
t 117 162
m 3 4
m 7 13
1 5 4
2 7 10
3 5 0
t 116 162
m 3 4
m 7 13
1 6 4
2 6 10
3 5 1
t 115 162
m 3 4
m 7 13
1 7 4
2 6 9
3 5 0
t 114 162
m 3 4
m 7 13
1 7 5
2 6 8
3 6 0
t 113 162
m 3 4
m 7 13
1 7 6
2 6 9
3 7 0
t 112 162
m 3 4
m 7 13
1 6 6
2 5 9
3 6 0
t 111 162
m 3 4
m 7 13
1 6 5
2 6 9
3 7 0
t 110 162
m 3 4
m 7 13
1 6 6
2 6 8
3 6 0
t 109 162
m 3 4
m 7 13
1 5 6
2 6 9
3 5 0
t 108 162
m 3 4
m 7 13
1 5 7
2 6 10
3 5 1
t 107 162
m 3 4
m 7 13
1 4 7
2 6 9
3 4 1
t 106 162
m 3 4
m 7 13
1 4 6
2 5 9
3 4 0
t 105 162
m 3 4
m 7 13
1 4 7
2 5 10
3 5 0
t 104 162
m 3 4
m 7 13
1 4 6
2 5 9
3 5 1
t 103 162
m 3 4
m 7 13
1 4 7
2 5 8
3 4 1
t 102 162
m 3 4
m 7 13
1 4 6
2 5 9
3 4 0
t 101 162
m 3 4
m 7 13
1 4 7
2 5 10
3 3 0
t 100 162
m 3 4
m 7 13
1 5 7
2 4 10
3 3 1
t 99 162
m 3 4
m 7 13
1 5 6
2 5 10
3 4 1
t 98 162
m 3 4
m 7 13
1 5 7
2 5 11
3 4 0
t 97 162
m 3 4
m 7 13
1 5 8
2 6 11
3 4 1
t 96 162
m 3 4
m 7 13
1 5 9
2 6 10
3 3 1
t 95 162
m 3 4
m 7 13
1 6 9
2 5 10
3 2 1
t 94 162
m 3 4
m 7 13
1 6 8
2 4 10
3 1 1
t 93 162
m 3 4
m 7 13
1 5 8
2 5 10
3 1 2
t 92 162
m 3 4
m 7 13
1 6 8
2 5 9
3 2 2
t 91 162
m 3 4
m 7 13
1 6 9
2 6 9
3 2 3
t 90 162
m 3 4
m 7 13
1 6 8
2 6 10
3 2 4
t 89 162
m 3 4
m 7 13
1 6 7
2 5 10
3 1 4
t 88 162
m 3 4
m 7 13
1 7 7
2 4 10
3 2 4
t 87 162
m 3 4
m 7 13
1 7 8
2 3 10
3 3 4
t 86 162
m 3 4
m 7 13
1 7 9
2 2 10
3 3 5
t 85 162
m 3 4
m 7 13
1 7 8
2 3 10
3 2 5
t 84 162
m 3 4
m 7 13
1 8 8
2 2 10
3 3 5
t 83 162
m 3 4
m 7 13
1 8 9
2 1 10
3 3 4
t 82 162
m 3 4
m 7 13
1 8 8
2 2 10
3 3 5
t 81 162
m 3 4
m 7 13
1 7 8
2 3 10
3 4 5
t 80 162
m 3 4
m 7 13
1 8 8
2 2 10
3 3 5
t 79 162
m 3 4
m 7 13
1 8 7
2 1 10
3 3 4
t 78 162
m 3 4
m 7 13
1 9 7
2 0 10
3 3 5
t 77 162
m 3 4
m 7 14
1 9 6
2 1 10
3 4 5
f 9 4
t 76 162
m 3 4
m 6 14
1 9 5
2 0 10
3 5 5
t 75 162
m 3 4
m 6 14
1 9 4
2 1 10
3 4 5
t 74 162
m 3 4
m 6 14
1 9 5
2 2 10
3 5 5
t 73 162
m 3 4
m 7 14
1 9 6
2 1 10
3 4 5
t 72 162
m 3 4
m 6 14
1 9 7
2 0 10
3 4 6
t 71 162
m 3 4
m 7 14
1 8 7
2 1 10
3 4 5
t 70 162
m 3 4
m 7 14
1 9 7
2 0 10
3 5 5
t 69 162
m 3 4
m 7 13
1 9 6
2 1 10
3 5 4
t 68 162
m 3 4
m 7 12
1 9 5
2 0 10
3 5 5
t 67 162
m 3 4
m 8 12
1 9 6
2 0 9
3 6 5
t 66 162
m 3 4
m 8 12
1 9 7
2 0 10
3 6 6
t 65 162
m 3 4
m 8 13
1 9 8
2 0 9
3 6 7
t 64 162
m 3 4
m 9 13
1 8 8
2 0 10
3 5 7
t 63 162
m 3 4
m 9 12
1 7 8
2 0 11
3 5 6
t 62 162
m 3 4
m 9 12
1 7 7
2 0 10
3 4 6
t 61 162
m 3 4
m 9 11
1 6 7
2 0 11
3 5 6
t 60 162
m 3 4
m 9 10
1 6 8
2 0 10
3 6 6
t 59 162
m 3 4
m 9 11
1 6 7
2 0 9
3 6 7
t 58 162
m 3 4
m 9 11
1 5 7
2 0 8
3 7 7
t 57 162
m 3 4
m 9 10
1 5 6
2 0 9
3 7 6
t 56 162
m 3 4
m 8 10
1 5 7
2 0 8
3 6 6
t 55 162
m 3 4
m 9 10
1 6 7
2 0 9
3 5 6
t 54 162
m 3 4
m 9 10
1 6 8
2 0 8
3 5 5
t 53 162
m 3 4
m 9 9
1 5 8
2 0 7
3 5 6
t 52 162
m 3 4
m 9 9
1 6 8
2 0 6
3 5 5
t 51 162
m 3 4
m 9 8
1 7 8
2 0 7
3 6 5
t 50 162
m 3 4
m 9 7
1 6 8
2 0 6
3 6 4
t 49 162
m 3 4
m 9 6
1 5 8
2 1 6
3 5 4
t 48 162
m 3 4
m 9 6
1 5 7
2 0 6
3 6 4
t 47 162
m 3 4
m 9 6
1 4 7
2 0 5
3 6 3
t 46 162
m 3 4
m 9 6
1 5 7
2 1 5
3 5 3
t 45 162
m 3 4
m 9 6
1 5 8
2 1 6
3 6 3
t 44 162
m 3 4
m 9 6
1 5 9
2 1 7
3 7 3
t 43 162
m 3 4
m 9 6
1 5 10
2 2 7
3 7 4
t 42 162
m 3 4
m 9 6
1 5 9
2 1 7
3 7 5
t 41 162
m 3 4
m 9 6
1 6 9
2 1 6
3 7 6
t 40 162
m 3 4
m 9 5
1 7 9
2 0 6
3 7 5
t 39 162
m 3 4
m 9 5
1 6 9
2 0 5
3 8 5
t 38 162
m 3 4
m 9 4
1 6 8
2 0 4
3 8 4
t 37 172
m 3 4
m 9 4
1 7 8
2 0 5
3 7 4
t 36 172
m 3 4
m 9 4
1 8 8
2 0 4
3 8 4
t 35 172
m 3 4
m 9 4
1 8 9
2 0 5
3 8 5
t 34 172
m 3 4
m 9 4
1 8 10
2 1 5
3 7 5
t 33 172
m 3 4
m 9 4
1 9 10
2 0 5
3 7 4
f 9 6
t 32 172
m 3 4
m 9 5
1 9 11
2 1 5
3 6 4
t 31 172
m 3 4
m 9 6
1 8 11
2 0 5
3 6 5
t 30 182
m 3 4
m 9 6
1 7 11
2 0 6
3 6 4
t 29 182
m 3 4
m 9 6
1 7 10
2 0 7
3 6 5
t 28 182
m 3 4
m 9 6
1 6 10
2 0 6
3 6 6
t 27 182
m 3 4
m 9 6
1 5 10
2 1 6
3 7 6
t 26 182
m 3 4
m 9 6
1 6 10
2 1 5
3 8 6
t 25 182
m 3 4
m 9 6
1 5 10
2 1 4
3 8 5
t 24 182
m 3 4
m 9 6
1 4 10
2 1 3
3 9 5
t 23 182
m 3 4
m 9 6
1 3 10
2 1 2
3 9 4
t 22 182
m 3 4
m 9 6
1 2 10
2 1 3
3 9 5
t 21 182
m 3 4
m 9 7
1 3 10
2 1 4
3 8 5
f 1 14
t 20 182
m 3 4
m 8 7
1 2 10
2 2 4
3 7 5
t 19 182
m 3 4
m 8 7
1 1 10
2 2 5
3 6 5
t 18 182
m 3 4
m 8 8
1 2 10
2 2 4
3 7 5
t 17 182
m 3 4
m 7 8
1 1 10
2 3 4
3 6 5
t 16 182
m 3 4
m 7 8
1 0 10
2 3 5
3 6 4
t 15 182
m 3 4
m 7 8
1 1 10
2 3 4
3 6 3
t 14 182
m 3 4
m 7 9
1 2 10
2 3 5
3 5 3
t 13 182
m 3 4
m 6 9
1 3 10
2 3 4
3 6 3
t 12 182
m 3 4
m 6 9
1 2 10
2 4 4
3 5 3
t 11 182
m 3 4
m 6 10
1 3 10
2 4 5
3 5 4
t 10 182
m 3 4
m 6 10
1 4 10
2 4 4
3 5 5
t 9 182
m 3 4
m 6 9
1 5 10
2 3 4
3 4 5
t 8 182
m 3 4
m 7 9
1 5 9
2 3 5
3 5 5
t 7 182
m 3 4
m 6 9
1 6 9
2 2 5
3 5 4
t 6 182
