30
20
m 0 19
w 28 1
w 28 2
w 28 3
w 28 4
w 28 9
w 28 17
w 22 12
w 22 13
w 22 14
w 22 17
w 22 19
w 16 1
w 16 2
w 16 3
w 16 4
w 16 7
w 16 8
w 16 10
w 16 11
w 16 12
w 10 13
w 10 14
w 10 16
w 10 17
w 10 18
w 4 1
w 4 3
w 4 5
w 4 6
w 4 15
w 4 16
w 4 17
w 27 9
w 27 13
w 27 14
w 21 1
w 21 2
w 21 3
w 21 7
w 21 8
w 21 10
w 15 1
w 15 2
w 15 3
w 15 4
w 15 7
w 15 8
w 15 10
w 15 11
w 15 17
w 9 2
w 9 3
w 9 4
w 9 8
w 9 9
w 9 10
w 3 1
w 3 2
w 3 3
w 3 5
w 3 6
w 3 9
w 3 10
w 3 11
w 3 12
w 3 15
w 3 16
w 3 17
w 26 1
w 26 9
w 26 14
w 20 7
w 20 17
w 20 19
w 14 7
w 14 8
w 14 10
w 14 11
w 14 17
w 8 2
w 8 3
w 8 4
w 8 8
w 8 9
w 8 10
w 8 12
w 2 3
w 2 5
w 2 6
w 2 9
w 2 10
w 2 11
w 2 12
w 2 15
w 2 16
w 2 17
w 25 7
w 25 9
w 25 14
w 19 2
w 19 3
w 19 15
w 19 17
w 19 19
w 13 1
w 13 2
w 13 3
w 13 5
w 13 7
w 13 8
w 7 15
w 7 16
w 7 17
w 1 1
w 1 2
w 1 3
w 1 9
w 1 10
w 1 11
w 1 12
w 1 13
w 1 15
w 1 16
w 24 1
w 24 2
w 24 4
w 24 5
w 24 7
w 24 9
w 24 14
w 18 2
w 18 3
w 18 4
w 18 12
w 18 15
w 18 17
w 12 2
w 12 3
w 12 5
w 12 7
w 12 8
w 12 14
w 12 16
w 6 3
w 6 5
w 6 6
w 6 8
w 6 10
w 6 11
w 6 15
w 6 16
w 0 1
w 23 1
w 23 2
w 23 4
w 17 2
w 17 3
w 17 4
w 17 7
w 17 8
w 17 10
w 17 11
w 17 12
w 17 17
w 11 13
w 11 14
w 11 16
w 11 17
w 11 18
w 5 1
w 5 5
w 5 6
w 5 8
w 5 9
w 5 10
w 5 11
w 5 15
w 5 16
w 5 17
1 29 0
2 29 0
3 29 0
p 15 5
p 15 6
p 15 9
p 15 14
p 28 6
p 28 7
p 12 6
p 12 11
p 28 13
p 28 14
p 28 18
p 9 0
p 9 1
p 25 2
p 9 5
p 25 6
p 25 10
p 9 12
p 9 13
p 9 15
p 25 16
p 22 4
p 22 15
p 6 17
p 19 10
p 3 13
p 19 14
p 19 16
p 0 9
p 16 9
p 0 12
p 0 15
p 16 16
p 0 17
p 0 18
p 16 19
p 29 0
p 29 3
p 13 4
p 13 6
p 29 6
p 29 9
p 13 10
p 13 11
p 13 13
p 29 13
p 29 14
p 13 17
p 29 18
p 10 5
p 26 7
p 26 8
p 10 9
p 26 10
p 26 11
p 26 12
p 26 18
p 10 19
p 7 0
p 7 1
p 23 0
p 7 9
p 7 11
p 23 11
p 23 15
p 23 16
p 20 4
p 20 6
p 20 8
p 4 9
p 4 10
p 4 12
p 4 13
p 17 0
p 17 5
p 17 14
p 17 15
p 1 19
p 14 3
p 14 14
p 11 1
p 27 6
p 11 11
p 11 12
p 27 16
p 27 19
p 8 1
p 8 5
p 8 6
p 24 13
p 8 17
p 24 17
p 8 19
p 5 0
p 5 3
p 5 4
p 21 5
p 21 9
p 5 12
p 21 14
p 18 1
p 18 6
p 2 8
p 18 10
p 18 11
p 18 13
p 18 19
t 1200 0
m 0 19
1 28 0
2 28 0
3 29 1
t 1199 0
m 0 19
1 27 0
2 29 0
3 29 0
t 1198 0
m 0 19
1 26 0
2 28 0
3 28 0
t 1197 0
m 0 19
1 27 0
2 29 0
3 27 0
t 1196 0
m 0 19
1 26 0
2 29 1
3 28 0
t 1195 0
m 0 19
1 27 0
2 29 0
3 27 0
t 1194 0
m 0 19
1 26 0
2 29 1
3 26 0
t 1193 0
m 0 19
1 27 0
2 29 2
3 25 0
t 1192 0
m 0 19
1 28 0
2 29 3
3 24 0
t 1191 0
m 0 19
1 27 0
2 29 4
3 23 0
t 1190 0
m 0 19
1 26 0
2 29 3
3 24 0
t 1189 0
m 0 19
1 25 0
2 29 4
3 25 0
t 1188 0
m 0 19
1 24 0
2 29 3
3 24 0
t 1187 0
m 0 19
1 23 0
2 29 4
3 25 0
t 1186 0
m 0 19
1 24 0
2 29 3
3 25 1
t 1185 0
m 0 19
1 25 0
2 29 2
3 25 2
t 1184 0
m 0 19
1 24 0
2 29 3
3 25 3
t 1183 0
m 0 19
1 23 0
2 29 4
3 25 2
t 1182 0
m 0 19
1 22 0
2 29 5
3 25 1
t 1181 0
m 0 19
1 21 0
2 28 5
3 25 0
t 1180 0
m 0 19
1 22 0
2 27 5
3 25 1
t 1179 0
m 1 19
1 22 1
2 27 6
3 25 2
f 28 19
t 1178 0
m 1 19
1 22 0
2 26 6
3 26 2
t 1177 0
m 1 19
1 21 0
2 26 7
3 25 2
t 1176 0
m 0 19
1 20 0
2 27 7
3 26 2
t 1175 0
m 0 19
1 20 1
2 28 7
3 26 3
t 1174 0
m 1 19
1 20 0
2 29 7
3 26 4
t 1173 0
m 0 19
1 20 1
2 29 6
3 25 4
t 1172 0
m 1 19
1 19 1
2 29 5
3 25 3
t 1171 0
m 1 18
1 20 1
2 29 4
3 25 2
t 1170 0
m 1 19
1 20 2
2 29 5
3 25 1
t 1169 0
m 0 19
1 20 1
2 29 6
3 25 0
t 1168 0
m 0 18
1 19 1
2 28 6
3 24 0
t 1167 1
m 0 19
1 19 0
2 27 6
3 23 0
t 1166 1
m 0 19
1 19 1
2 28 6
3 24 0
t 1165 1
m 0 18
1 20 1
2 28 5
3 25 0
t 1164 1
m 0 17
1 19 1
2 29 5
3 25 1
t 1163 2
m 0 18
1 20 1
2 28 5
3 25 0
t 1162 2
m 1 18
1 20 0
2 28 6
3 24 0
t 1161 2
m 2 18
1 19 0
2 28 5
3 23 0
t 1160 2
m 2 18
1 18 0
2 27 5
3 22 0
t 1159 2
m 2 19
1 19 0
2 28 5
3 23 0
t 1158 2
m 2 19
1 18 0
2 28 6
3 22 0
t 1157 2
m 3 19
1 19 0
2 28 5
3 21 0
t 1156 2
m 4 19
1 20 0
2 27 5
3 20 0
t 1155 2
m 3 19
1 20 1
2 26 5
3 21 0
t 1154 2
m 3 19
1 20 0
2 26 4
3 22 0
t 1153 2
m 3 19
1 20 1
2 27 4
3 22 1
t 1152 2
m 3 19
1 20 2
2 26 4
3 22 2
t 1151 2
m 3 18
1 20 1
2 26 3
3 22 1
t 1150 2
m 3 19
1 20 2
2 26 2
3 22 0
t 1149 2
m 3 19
1 20 1
2 26 3
3 22 1
t 1148 2
m 2 19
1 20 0
2 26 2
3 22 0
t 1147 2
m 1 19
1 19 0
2 26 3
3 23 0
t 1146 2
m 2 19
1 18 0
2 25 3
3 24 0
t 1145 2
m 3 19
1 19 0
2 25 4
3 23 0
t 1144 2
m 3 19
1 18 0
2 26 4
3 22 0
t 1143 2
m 3 19
1 18 1
2 25 4
3 23 0
t 1142 2
m 2 19
1 17 1
2 26 4
3 24 0
t 1141 2
m 1 19
1 18 1
2 26 5
3 25 0
t 1140 2
m 0 19
1 19 1
2 27 5
3 24 0
t 1139 2
m 1 19
1 19 0
2 28 5
3 25 0
t 1138 2
m 0 19
1 20 0
2 27 5
3 26 0
t 1137 2
m 0 19
1 19 0
2 27 6
3 25 0
t 1136 2
m 0 19
1 19 1
2 26 6
3 26 0
t 1135 2
m 0 19
1 19 0
2 26 5
3 25 0
t 1134 2
m 0 19
1 20 0
2 26 6
3 25 1
t 1133 2
m 1 19
1 20 1
2 27 6
3 25 0
t 1132 2
m 2 19
1 19 1
2 27 5
3 26 0
t 1131 2
m 1 19
1 20 1
2 26 5
3 25 0
t 1130 2
m 0 19
1 20 0
2 25 5
3 26 0
t 1129 2
m 0 18
1 21 0
2 25 4
3 27 0
t 1128 2
m 0 19
1 22 0
2 26 4
3 27 1
t 1127 2
m 0 19
1 23 0
2 26 3
3 27 2
t 1126 2
m 1 19
1 22 0
2 27 3
3 26 2
t 1125 2
m 1 18
1 21 0
2 26 3
3 26 3
t 1124 2
m 1 19
1 20 0
2 25 3
3 27 3
t 1123 2
m 1 18
1 21 0
2 26 3
3 26 3
t 1122 2
m 1 18
1 22 0
2 27 3
3 25 3
t 1121 2
m 1 19
1 23 0
2 26 3
3 25 4
t 1120 2
m 1 19
1 22 0
2 26 2
3 25 5
t 1119 2
m 1 19
1 21 0
2 26 3
3 26 5
t 1118 2
m 1 19
1 22 0
2 25 3
3 26 4
t 1117 2
m 1 19
1 21 0
2 26 3
3 27 4
t 1116 2
m 1 19
1 20 0
2 26 4
3 26 4
t 1115 2
m 1 19
1 21 0
2 27 4
3 25 4
t 1114 2
m 1 18
1 22 0
2 27 3
3 25 3
t 1113 2
m 1 19
1 21 0
2 27 4
3 25 4
t 1112 2
m 2 19
1 20 0
2 27 5
3 26 4
t 1111 2
m 2 18
1 19 0
2 28 5
3 26 3
t 1110 2
m 2 19
1 18 0
2 29 5
3 26 4
t 1109 2
m 2 18
1 17 0
2 29 6
3 27 4
t 1108 2
m 3 18
1 16 0
2 29 5
3 26 4
t 1107 2
m 3 19
1 17 0
2 29 4
3 26 5
t 1106 2
m 3 18
1 16 0
2 29 5
3 26 4
t 1105 2
m 4 18
1 15 0
2 29 4
3 25 4
t 1104 2
m 4 18
1 14 0
2 29 3
3 25 5
t 1103 2
m 3 18
1 14 1
2 29 2
3 26 5
t 1102 2
m 3 18
1 14 0
2 29 1
3 25 5
t 1101 2
m 3 19
1 15 0
2 29 0
3 25 4
t 1100 2
m 4 19
1 16 0
2 29 1
3 25 5
t 1099 2
m 4 19
1 17 0
2 29 2
3 26 5
t 1098 2
m 5 19
1 17 1
2 29 3
3 26 4
t 1097 2
m 6 19
1 18 1
2 29 2
3 26 3
t 1096 2
m 6 18
1 17 1
2 29 3
3 25 3
t 1095 2
m 6 19
1 18 1
2 29 2
3 25 4
t 1094 2
m 5 19
1 18 0
2 29 3
3 25 3
t 1093 2
m 4 19
1 18 1
2 29 4
3 25 4
t 1092 2
m 3 19
1 17 1
2 29 5
3 25 5
t 1091 2
m 3 19
1 18 1
2 28 5
3 25 4
t 1090 2
m 4 19
1 18 0
2 29 5
3 25 3
t 1089 2
m 4 19
1 19 0
2 29 6
3 25 2
t 1088 2
m 5 19
1 19 1
2 28 6
3 25 1
t 1087 2
m 6 19
1 20 1
2 28 7
3 25 2
t 1086 2
m 6 19
1 19 1
2 29 7
3 26 2
t 1085 2
m 7 19
1 19 0
2 28 7
3 25 2
t 1084 2
m 6 19
1 19 1
2 28 8
3 25 3
t 1083 2
m 7 19
1 19 0
2 27 8
3 25 4
t 1082 2
m 6 19
1 20 0
2 27 7
3 25 3
t 1081 2
m 6 19
1 20 1
2 27 8
3 26 3
t 1080 2
m 7 19
1 20 2
2 28 8
3 27 3
t 1079 2
m 8 19
1 20 1
2 28 7
3 26 3
t 1078 3
m 7 19
1 20 2
2 27 7
3 25 3
t 1077 3
m 6 19
1 20 3
2 26 7
3 25 4
t 1076 3
m 5 19
1 20 2
2 26 8
3 25 3
t 1075 3
m 6 19
1 20 1
2 26 7
3 25 2
t 1074 3
m 6 19
1 19 1
2 26 8
3 25 1
t 1073 3
m 7 19
1 20 1
2 26 7
3 25 0
t 1072 3
m 8 19
1 20 0
2 27 7
3 26 0
t 1071 3
m 9 19
1 21 0
2 27 6
3 25 0
t 1070 3
m 9 19
1 22 0
2 28 6
3 26 0
t 1069 3
m 10 19
1 23 0
2 29 6
3 27 0
t 1068 4
m 10 19
1 22 0
2 29 5
3 26 0
t 1067 4
m 11 19
1 21 0
2 28 5
3 25 0
t 1066 4
m 12 19
1 20 0
2 29 5
3 26 0
t 1065 4
m 13 19
1 20 1
2 29 6
3 25 0
t 1064 4
m 14 19
1 20 0
2 29 5
3 24 0
t 1063 4
m 15 19
1 21 0
2 29 6
3 23 0
t 1062 4
m 16 19
1 20 0
2 29 7
3 22 0
t 1061 5
m 17 19
1 21 0
2 29 8
3 21 0
t 1060 5
m 17 18
1 20 0
2 29 9
3 20 0
t 1059 5
m 17 18
1 20 1
2 29 10
3 21 0
t 1058 5
m 18 18
1 19 1
2 29 9
3 22 0
t 1057 5
m 17 18
1 20 1
2 29 10
3 21 0
t 1056 5
m 16 18
1 20 0
2 29 11
3 22 0
t 1055 5
m 16 19
1 21 0
2 29 12
3 23 0
t 1054 5
m 16 18
1 22 0
2 29 11
3 24 0
t 1053 5
m 16 19
1 22 1
2 28 11
3 23 0
t 1052 5
m 17 19
1 22 2
2 27 11
3 24 0
t 1051 5
m 18 19
1 22 1
2 26 11
3 23 0
t 1050 6
m 17 19
1 22 0
2 27 11
3 24 0
t 1049 6
m 17 19
1 21 0
2 26 11
3 23 0
t 1048 6
m 17 19
1 20 0
2 26 10
3 22 0
t 1047 6
m 16 19
1 21 0
2 25 10
3 22 1
t 1046 6
m 17 19
1 20 0
2 25 11
3 22 2
t 1045 6
m 18 19
1 19 0
2 26 11
3 22 1
t 1044 6
m 17 19
1 18 0
2 26 12
3 22 0
t 1043 6
m 16 19
1 19 0
2 26 11
3 21 0
t 1042 6
m 17 19
1 19 1
2 27 11
3 20 0
t 1041 6
m 18 19
1 19 0
2 26 11
3 19 0
t 1040 6
m 18 19
1 18 0
2 26 10
3 19 1
t 1039 6
m 18 18
1 17 0
2 27 10
3 18 1
t 1038 6
m 18 19
1 17 1
2 27 11
3 17 1
t 1037 6
m 18 19
1 17 0
2 28 11
3 18 1
t 1036 6
m 18 19
1 17 1
2 28 12
3 17 1
t 1035 6
m 18 19
1 18 1
2 27 12
3 18 1
t 1034 6
m 18 18
1 19 1
2 28 12
3 19 1
t 1033 6
m 19 18
1 19 0
2 28 13
3 19 0
t 1032 6
m 18 18
1 18 0
2 28 12
3 20 0
t 1031 6
m 17 18
1 17 0
2 27 12
3 19 0
t 1030 6
m 17 19
1 17 1
2 27 11
3 19 1
t 1029 6
m 17 19
1 17 0
2 28 11
3 18 1
t 1028 6
m 17 18
1 17 1
2 29 11
3 19 1
t 1027 6
m 16 18
1 18 1
2 28 11
3 20 1
t 1026 6
m 16 19
1 18 0
2 28 10
3 20 2
t 1025 6
m 17 19
1 19 0
2 29 10
3 20 3
t 1024 6
m 16 19
1 20 0
2 28 10
3 20 4
t 1023 6
m 17 19
1 21 0
2 27 10
3 21 4
t 1022 6
m 16 19
1 22 0
2 27 11
3 21 5
t 1021 6
m 15 19
1 21 0
2 27 10
3 20 5
t 1020 6
m 16 19
1 22 0
2 27 11
3 21 5
t 1019 6
m 16 18
1 23 0
2 28 11
3 20 5
t 1018 6
m 16 19
1 24 0
2 29 11
3 20 4
t 1017 6
m 16 19
1 23 0
2 29 12
3 19 4
t 1016 6
m 15 19
1 24 0
2 29 11
3 20 4
t 1015 6
m 15 19
1 25 0
2 29 10
3 19 4
t 1014 6
m 16 19
1 25 1
2 29 9
3 19 5
t 1013 6
m 17 19
1 25 2
2 29 10
3 19 6
t 1012 6
m 18 19
1 26 2
2 29 11
3 19 5
t 1011 6
m 17 19
1 26 3
2 28 11
3 18 5
t 1010 6
m 16 19
1 27 3
2 27 11
3 17 5
t 1009 6
m 17 19
1 26 3
2 27 12
3 17 6
t 1008 6
m 18 19
1 25 3
2 27 11
3 16 6
t 1007 6
m 17 19
1 26 3
2 27 12
3 15 6
t 1006 6
m 17 19
1 26 4
2 28 12
3 16 6
t 1005 6
m 18 19
1 27 4
2 28 13
3 15 6
t 1004 6
m 18 19
1 26 4
2 28 12
3 16 6
t 1003 6
m 18 19
1 27 4
2 29 12
3 17 6
t 1002 6
m 18 19
1 26 4
2 28 12
3 18 6
t 1001 6
m 17 19
1 26 5
2 28 11
3 17 6
t 1000 6
m 18 19
1 25 5
2 28 12
3 18 6
t 999 6
m 17 19
1 26 5
2 29 12
3 19 6
t 998 6
m 18 19
1 26 6
2 28 12
3 18 6
t 997 6
m 17 19
1 26 7
2 29 12
3 18 5
t 996 6
m 17 19
1 26 8
2 28 12
3 17 5
t 995 6
m 18 19
1 27 8
2 28 11
3 16 5
t 994 6
m 18 19
1 28 8
2 29 11
3 15 5
t 993 6
m 17 19
1 28 7
2 29 10
3 14 5
t 992 6
m 17 19
1 28 6
2 29 9
3 15 5
t 991 6
m 17 18
1 29 6
2 29 10
3 14 5
t 990 6
m 17 19
1 28 6
2 29 9
3 14 6
t 989 6
m 18 19
1 28 7
2 29 10
3 13 6
t 988 6
m 17 19
1 29 7
2 28 10
3 12 6
t 987 6
m 18 19
1 29 8
2 29 10
3 11 6
t 986 6
m 18 19
1 28 8
2 29 11
3 11 5
t 985 6
m 18 19
1 27 8
2 28 11
3 11 4
t 984 6
m 17 19
1 27 7
2 27 11
3 11 5
t 983 6
m 16 19
1 27 6
2 27 12
3 11 6
t 982 6
m 17 19
1 27 5
2 27 11
3 10 6
t 981 6
m 18 19
1 27 4
2 28 11
3 10 7
t 980 6
m 17 19
1 27 3
2 29 11
3 10 6
t 979 6
m 17 18
1 27 4
2 29 10
3 9 6
t 978 6
m 17 19
1 27 5
2 29 11
3 9 5
t 977 6
m 17 18
1 27 6
2 28 11
3 10 5
t 976 6
m 17 19
1 27 7
2 28 10
3 11 5
t 975 6
m 18 19
1 28 7
2 27 10
3 11 4
t 974 6
m 18 19
1 28 8
2 26 10
3 10 4
t 973 6
m 18 18
1 29 8
2 25 10
3 11 4
t 972 6
m 18 19
1 28 8
2 25 11
3 11 3
t 971 6
m 18 18
1 29 8
2 25 10
3 11 2
t 970 6
m 18 19
1 29 7
2 25 11
3 11 3
t 969 6
m 17 19
1 29 6
2 25 10
3 11 4
t 968 6
m 17 19
1 29 7
2 26 10
3 11 3
t 967 6
m 16 19
1 29 8
2 27 10
3 11 2
t 966 6
m 17 19
1 29 7
2 26 10
3 10 2
t 965 6
m 16 19
1 29 6
2 27 10
3 11 2
t 964 6
m 16 19
1 29 5
2 26 10
3 10 2
t 963 6
m 17 19
1 29 4
2 25 10
3 11 2
t 962 6
m 18 19
1 29 3
2 24 10
3 11 3
t 961 6
m 17 19
1 29 2
2 23 10
3 10 3
t 960 6
m 17 19
1 29 3
2 23 9
3 11 3
t 959 6
m 18 19
1 29 4
2 23 8
3 10 3
t 958 6
m 18 19
1 29 3
2 23 7
3 10 4
t 957 6
m 18 19
1 29 4
2 23 8
3 11 4
t 956 6
m 17 19
1 29 5
2 22 8
3 10 4
t 955 6
m 17 19
1 29 6
2 22 7
3 11 4
t 954 6
m 18 19
1 29 7
2 22 6
3 11 5
t 953 6
m 18 19
1 29 6
2 23 6
3 10 5
t 952 6
m 18 19
1 29 7
2 23 5
3 10 6
t 951 6
m 17 19
1 28 7
2 23 6
3 10 7
t 950 6
m 17 19
1 29 7
2 23 5
3 10 8
t 949 6
m 18 19
1 29 8
2 23 6
3 11 8
t 948 6
m 18 18
1 29 9
2 23 5
3 11 9
t 947 6
m 18 19
1 29 10
2 23 6
3 12 9
t 946 6
m 18 19
1 29 11
2 24 6
3 12 10
t 945 6
m 17 19
1 29 12
2 23 6
3 12 9
t 944 6
m 18 19
1 28 12
2 24 6
3 12 10
t 943 6
m 18 19
1 29 12
2 25 6
3 12 9
t 942 6
m 18 19
1 28 12
2 26 6
3 12 10
t 941 6
m 17 19
1 29 12
2 25 6
3 12 9
t 940 6
m 18 19
1 29 11
2 24 6
3 12 10
t 939 6
m 17 19
1 29 10
2 23 6
3 11 10
t 938 6
m 17 19
1 29 9
2 23 5
3 12 10
t 937 6
m 17 19
1 29 10
2 23 6
3 12 9
t 936 6
m 17 19
1 29 11
2 23 7
3 12 10
t 935 6
m 18 19
1 29 10
2 23 8
3 13 10
t 934 6
m 18 18
1 29 11
2 22 8
3 13 11
t 933 6
m 19 18
1 29 10
2 22 7
3 13 10
t 932 6
m 20 18
1 29 9
2 23 7
3 12 10
t 931 6
m 19 18
1 29 8
2 22 7
3 11 10
t 930 6
m 20 18
1 29 7
2 22 6
3 11 9
t 929 6
m 20 18
1 29 8
2 21 6
3 12 9
t 928 6
m 21 18
1 28 8
2 22 6
3 12 10
t 927 6
m 22 18
1 28 7
2 22 7
3 12 11
t 926 6
m 21 18
1 29 7
2 22 8
3 11 11
t 925 6
m 20 18
1 28 7
2 22 7
3 12 11
t 924 6
m 20 18
1 28 6
2 22 6
3 11 11
t 923 6
m 21 18
1 28 7
2 21 6
3 12 11
t 922 6
m 21 17
1 28 6
2 21 5
3 12 12
t 921 6
m 21 18
1 28 5
2 22 5
3 12 13
t 920 6
m 22 18
1 27 5
2 22 6
3 13 13
t 919 6
m 22 18
1 27 4
2 23 6
3 13 12
t 918 6
m 23 18
1 27 5
2 22 6
3 14 12
t 917 6
m 24 18
1 28 5
2 21 6
3 13 12
t 916 6
m 24 18
1 29 5
2 21 5
3 13 11
t 915 6
m 24 19
1 29 6
2 22 5
3 13 12
t 914 6
m 23 19
1 29 5
2 23 5
3 14 12
t 913 6
m 23 19
1 28 5
2 23 6
3 15 12
t 912 6
m 24 19
1 29 5
2 23 7
3 14 12
t 911 6
m 25 19
1 28 5
2 23 6
3 14 13
t 910 6
m 24 19
1 28 6
2 22 6
3 15 13
t 909 6
m 24 19
1 28 7
2 22 5
3 15 14
t 908 6
m 24 19
1 27 7
2 22 6
3 16 14
t 907 6
m 24 19
1 26 7
2 21 6
3 16 13
t 906 6
m 25 19
1 26 8
2 21 5
3 15 13
t 905 6
m 25 19
1 27 8
2 21 4
3 15 12
t 904 6
m 26 19
1 28 8
2 20 4
3 14 12
t 903 6
m 25 19
1 29 8
2 20 5
3 13 12
t 902 6
m 26 19
1 29 9
2 20 6
3 13 13
t 901 6
m 27 19
1 29 10
2 19 6
3 13 12
t 900 7
m 28 19
1 28 10
2 19 5
3 13 13
t 899 17
m 28 18
1 28 11
2 20 5
3 13 14
f 24 8
t 898 18
m 27 18
1 28 10
2 20 4
3 13 13
t 897 18
m 26 18
1 28 11
2 21 4
3 13 12
t 896 19
m 25 18
1 28 12
2 21 5
3 13 13
t 895 19
m 24 18
1 29 12
2 20 5
3 13 14
t 894 19
m 24 19
1 29 11
2 20 4
3 13 13
t 893 19
m 23 19
1 29 10
2 20 5
3 12 13
t 892 19
m 24 19
1 28 10
2 21 5
3 13 13
t 891 19
m 24 18
1 28 11
2 20 5
3 12 13
t 890 19
m 24 17
1 28 10
2 20 6
3 12 12
t 889 20
m 24 17
1 29 10
2 19 6
3 12 11
t 888 20
m 24 17
1 28 10
2 19 5
3 13 11
t 887 20
m 24 17
1 29 10
2 18 5
3 12 11
t 886 20
m 23 17
1 28 10
2 18 6
3 11 11
t 885 20
m 23 17
1 27 10
2 19 6
3 10 11
t 884 20
m 23 16
1 27 11
2 20 6
3 11 11
t 883 21
m 22 16
1 26 11
2 20 5
3 12 11
t 882 21
m 22 15
1 27 11
2 20 6
3 13 11
t 881 22
m 23 15
1 28 11
2 20 5
3 13 10
t 880 23
m 23 16
1 28 12
2 20 6
3 13 9
t 879 23
m 23 16
1 28 13
2 19 6
3 12 9
t 878 23
m 23 15
1 29 13
2 19 7
3 12 10
t 877 23
m 23 14
1 28 13
2 18 7
3 11 10
t 876 23
m 23 13
1 28 14
2 18 8
3 10 10
t 875 23
m 24 13
1 28 15
2 18 7
3 11 10
t 874 24
m 24 12
1 28 14
2 19 7
3 11 9
t 873 24
m 24 11
1 29 14
2 19 8
3 10 9
t 872 24
m 24 11
1 29 15
2 19 7
3 11 9
t 871 24
m 25 11
1 28 15
2 19 6
3 12 9
t 870 24
m 24 11
1 27 15
2 19 5
3 13 9
t 869 24
m 24 10
1 27 16
2 19 6
3 13 10
t 868 24
m 24 10
1 26 16
2 19 5
3 12 10
t 867 24
m 25 10
1 26 15
2 19 6
3 11 10
t 866 24
m 24 10
1 27 15
2 19 5
3 11 11
t 865 24
m 24 10
1 26 15
2 20 5
3 11 12
t 864 24
m 24 10
1 26 16
2 19 5
3 10 12
t 863 24
m 23 10
1 25 16
2 19 6
3 9 12
t 862 24
m 24 10
1 26 16
2 18 6
3 9 11
t 861 24
m 24 10
1 27 16
2 18 5
3 9 12
t 860 24
m 24 10
1 27 17
2 17 5
3 9 11
t 859 24
m 24 10
1 27 18
2 16 5
3 10 11
t 858 24
m 24 10
1 26 18
2 15 5
3 9 11
t 857 24
m 23 10
1 26 19
2 16 5
3 8 11
t 856 24
m 24 10
1 25 19
2 15 5
3 9 11
t 855 24
m 24 10
1 24 19
2 14 5
3 8 11
t 854 24
m 25 10
1 23 19
2 14 6
3 7 11
t 853 24
m 25 11
1 23 18
2 13 6
3 7 12
t 852 24
m 25 10
1 22 18
2 12 6
3 7 11
t 851 24
m 24 10
1 23 18
2 11 6
3 7 10
t 850 24
m 25 10
1 23 19
2 11 5
3 7 11
t 849 24
m 24 10
1 24 19
2 11 6
3 7 12
t 848 24
m 23 10
1 23 19
2 12 6
3 7 13
t 847 24
m 23 10
1 23 18
2 13 6
3 7 12
t 846 24
m 23 10
1 24 18
2 14 6
3 7 13
t 845 24
m 23 11
1 23 18
2 14 5
3 6 13
t 844 25
m 23 10
1 22 18
2 14 6
3 6 12
t 843 25
m 23 9
1 23 18
2 14 5
3 6 13
t 842 25
m 23 8
1 22 18
2 15 5
3 5 13
t 841 25
m 22 8
1 21 18
2 14 5
3 4 13
t 840 25
m 23 8
1 21 19
2 15 5
3 4 12
t 839 25
m 23 8
1 21 18
2 16 5
3 5 12
t 838 25
m 23 8
1 22 18
2 17 5
3 4 12
t 837 25
m 24 8
1 21 18
2 16 5
3 4 11
t 836 35
m 24 8
1 22 18
2 16 6
3 4 12
t 835 35
m 24 8
1 21 18
2 16 5
3 4 13
t 834 35
m 24 8
1 22 18
2 16 6
3 3 13
t 833 35
m 24 8
1 21 18
2 15 6
3 4 13
t 832 35
m 24 8
1 21 17
2 14 6
3 4 12
t 831 35
m 24 8
1 21 16
2 15 6
3 4 11
t 830 35
m 24 8
1 20 16
2 16 6
3 4 10
t 829 35
m 24 8
1 21 16
2 16 5
3 4 9
t 828 35
m 24 8
1 20 16
2 15 5
3 4 10
t 827 35
m 24 8
1 21 16
2 15 6
3 4 9
t 826 35
m 24 8
1 21 15
2 15 5
3 4 8
t 825 35
m 24 8
1 21 16
2 16 5
3 4 9
t 824 35
m 24 8
1 21 17
2 16 6
3 4 10
t 823 35
m 24 8
1 21 18
2 15 6
3 4 11
t 822 35
m 24 8
1 22 18
2 14 6
3 4 12
t 821 35
m 24 8
1 21 18
2 15 6
3 4 13
t 820 35
m 23 8
1 21 19
2 14 6
3 4 12
f 22 11
t 819 35
m 23 9
1 21 18
2 15 6
3 4 11
t 818 35
m 23 10
1 21 19
2 15 5
3 4 12
t 817 35
m 22 10
1 21 18
2 16 5
3 4 11
t 816 35
m 22 10
1 20 18
2 16 6
3 4 12
t 815 35
m 22 11
1 21 18
2 16 5
3 4 13
t 814 45
m 22 11
1 20 18
2 17 5
3 4 12
t 813 45
m 22 11
1 21 18
2 16 5
3 4 13
t 812 45
m 22 11
1 21 17
2 16 6
3 4 14
t 811 45
m 22 11
1 21 18
2 15 6
3 5 14
t 810 45
m 22 11
1 22 18
2 15 5
3 5 13
t 809 45
m 22 11
1 23 18
2 14 5
3 5 12
t 808 45
m 22 11
1 23 19
2 14 6
3 6 12
t 807 45
m 22 11
1 24 19
2 14 5
3 6 13
t 806 45
m 22 11
1 24 18
2 15 5
3 5 13
t 805 45
m 22 11
1 23 18
2 14 5
3 5 14
t 804 45
m 22 11
1 23 19
2 15 5
3 5 13
t 803 45
m 22 11
1 24 19
2 16 5
3 5 12
t 802 45
m 22 11
1 25 19
2 15 5
3 5 13
t 801 45
m 22 11
1 25 18
2 14 5
3 5 12
t 800 45
m 22 11
1 26 18
2 14 4
3 6 12
t 799 45
m 22 11
1 27 18
2 14 3
3 6 13
t 798 45
m 22 11
1 27 19
2 14 2
3 6 12
t 797 45
m 22 11
1 28 19
2 14 3
3 6 13
t 796 45
m 22 11
1 29 19
2 14 4
3 5 13
t 795 45
m 22 11
1 29 18
2 14 5
3 6 13
t 794 45
m 22 11
1 28 18
2 15 5
3 7 13
t 793 45
m 22 11
1 28 19
2 14 5
3 6 13
t 792 45
m 22 11
1 27 19
2 14 6
3 6 14
t 791 45
m 22 11
1 26 19
2 14 5
3 7 14
t 790 45
m 22 11
1 25 19
2 14 6
3 6 14
t 789 45
m 22 11
1 26 19
2 13 6
3 7 14
t 788 45
m 22 11
1 26 18
2 12 6
3 7 13
t 787 45
m 22 11
1 25 18
2 13 6
3 7 12
t 786 45
m 22 11
1 25 17
2 12 6
3 7 13
t 785 45
m 22 11
1 25 18
2 11 6
3 6 13
t 784 45
m 22 11
1 24 18
2 10 6
3 5 13
t 783 45
m 22 11
1 23 18
2 10 7
3 6 13
t 782 45
m 22 11
1 24 18
2 9 7
3 5 13
t 781 45
m 22 11
1 24 17
2 9 6
3 5 12
t 780 45
m 22 11
1 24 18
2 10 6
3 5 13
t 779 45
m 22 11
1 23 18
2 9 6
3 5 14
t 778 45
m 22 11
1 23 19
2 9 7
3 6 14
t 777 45
m 22 11
1 23 18
2 8 7
3 5 14
t 776 45
m 22 11
1 22 18
2 7 7
3 5 13
t 775 45
m 22 11
1 21 18
2 7 6
3 6 13
t 774 45
m 22 11
1 21 17
2 7 7
3 6 14
t 773 45
m 22 11
1 21 18
2 7 6
3 5 14
t 772 45
m 22 11
1 21 19
2 7 7
3 4 14
t 771 45
m 22 11
1 21 18
2 7 8
3 4 13
t 770 45
m 22 11
1 20 18
2 7 9
3 3 13
t 769 45
m 22 11
1 21 18
2 7 10
3 4 13
t 768 45
m 22 11
1 22 18
2 7 11
3 4 12
t 767 45
m 22 11
1 21 18
2 8 11
3 5 12
t 766 45
m 22 11
1 21 17
2 9 11
3 5 13
t 765 45
m 22 11
1 21 18
2 9 12
3 5 14
t 764 45
m 22 11
1 20 18
2 10 12
3 6 14
t 763 45
m 22 11
1 21 18
2 11 12
3 7 14
t 762 45
m 22 11
1 20 18
2 12 12
3 7 13
t 761 45
m 22 11
1 21 18
2 13 12
3 6 13
t 760 45
m 22 11
1 22 18
2 13 13
3 6 14
t 759 45
m 22 11
1 23 18
2 12 13
3 7 14
t 758 45
m 22 11
1 22 18
2 13 13
3 6 14
t 757 45
m 22 11
1 21 18
2 14 13
3 5 14
t 756 45
m 22 11
1 20 18
2 15 13
3 6 14
t 755 45
m 22 11
1 21 18
2 15 14
3 7 14
t 754 45
m 22 11
1 21 19
2 16 14
3 7 13
t 753 45
m 22 11
1 21 18
2 16 13
3 8 13
t 752 45
m 22 11
1 20 18
2 15 13
3 9 13
t 751 45
m 22 11
1 19 18
2 14 13
3 9 14
t 750 45
m 22 11
1 20 18
2 15 13
3 8 14
t 749 45
m 22 11
1 19 18
2 15 14
3 8 15
t 748 45
m 22 11
1 20 18
2 15 15
3 8 14
t 747 45
m 22 11
1 19 18
2 14 15
3 8 13
t 746 45
m 22 11
1 18 18
2 15 15
3 7 13
t 745 45
m 22 11
1 17 18
2 16 15
3 7 14
t 744 45
m 22 11
1 18 18
2 17 15
3 6 14
t 743 45
m 22 11
1 17 18
2 17 16
3 6 13
t 742 45
m 22 11
1 16 18
2 16 16
3 5 13
t 741 45
m 22 11
1 15 18
2 16 15
3 6 13
t 740 45
m 22 11
1 16 18
2 15 15
3 6 12
t 739 45
m 22 11
1 15 18
2 14 15
3 6 13
t 738 45
m 22 11
1 14 18
2 13 15
3 7 13
t 737 45
m 22 11
1 15 18
2 13 14
3 8 13
t 736 45
m 22 11
1 15 19
2 13 15
3 7 13
t 735 45
m 22 11
1 15 18
2 13 16
3 7 12
t 734 45
m 22 11
1 16 18
2 13 17
3 6 12
t 733 45
m 22 11
1 16 19
2 13 16
3 6 13
t 732 45
m 22 11
1 15 19
2 14 16
3 6 12
t 731 45
m 22 11
1 16 19
2 14 15
3 5 12
t 730 45
m 22 11
1 16 18
2 14 14
3 4 12
t 729 45
m 22 11
1 16 19
2 15 14
3 4 13
t 728 45
m 22 11
1 16 18
2 15 13
3 3 13
t 727 45
m 22 11
1 15 18
2 15 12
3 4 13
t 726 45
m 22 11
1 15 19
2 15 13
3 3 13
t 725 45
m 22 11
1 15 18
2 16 13
3 4 13
t 724 45
m 22 11
1 16 18
2 15 13
3 3 13
t 723 45
m 22 11
1 16 19
2 14 13
3 2 13
t 722 45
m 22 11
1 17 19
2 14 12
3 3 13
t 721 45
m 22 11
1 17 18
2 13 12
3 3 14
t 720 45
m 22 11
1 17 19
2 12 12
3 2 14
t 719 45
m 22 11
1 16 19
2 12 13
3 1 14
t 718 45
m 22 11
1 16 18
2 12 12
3 0 14
t 717 45
m 22 11
1 16 19
2 13 12
3 0 13
t 716 45
m 22 11
1 15 19
2 13 13
3 0 14
t 715 45
m 22 11
1 16 19
2 14 13
3 1 14
t 714 45
m 22 10
1 15 19
2 15 13
3 2 14
f 17 9
t 713 45
m 22 9
1 14 19
2 16 13
3 3 14
t 712 45
m 21 9
1 14 18
2 17 13
3 4 14
t 711 46
m 21 9
1 15 18
2 16 13
3 5 14
t 710 46
m 21 9
1 15 19
2 17 13
3 6 14
t 709 46
m 21 9
1 16 19
2 17 14
3 5 14
t 708 46
m 20 9
1 17 19
2 17 15
3 4 14
t 707 46
m 19 9
1 16 19
2 17 14
3 4 13
t 706 46
m 18 9
1 17 19
2 16 14
3 5 13
t 705 46
m 17 9
1 18 19
2 15 14
3 5 14
t 704 56
m 17 9
1 18 18
2 15 15
3 4 14
t 703 56
m 17 9
1 17 18
2 14 15
3 5 14
t 702 56
m 17 9
1 16 18
2 15 15
3 4 14
t 701 56
m 17 9
1 16 17
2 16 15
3 4 13
t 700 56
m 17 9
1 16 18
2 17 15
3 4 14
t 699 56
m 17 9
1 15 18
2 17 14
3 5 14
t 698 56
m 17 9
1 15 19
2 17 13
3 5 13
f 8 13
t 697 56
m 16 9
1 14 19
2 17 14
3 5 14
t 696 57
m 15 9
1 15 19
2 16 14
3 4 14
t 695 58
m 14 9
1 15 18
2 15 14
3 3 14
t 694 58
m 13 9
1 14 18
2 15 13
3 2 14
t 693 58
m 12 9
1 13 18
2 15 12
3 3 14
t 692 58
m 11 9
1 14 18
2 14 12
3 2 14
t 691 58
m 10 9
1 14 19
2 14 13
3 2 13
t 690 59
m 10 10
1 14 18
2 14 12
3 3 13
t 689 59
m 10 11
1 14 19
2 15 12
3 2 13
t 688 59
m 9 11
1 15 19
2 15 13
3 2 14
t 687 59
m 8 11
1 14 19
2 15 12
3 2 13
t 686 59
m 9 11
1 14 18
2 14 12
3 3 13
t 685 59
m 9 12
1 15 18
2 14 13
3 4 13
t 684 60
m 9 13
1 14 18
2 15 13
3 4 14
t 683 61
m 8 13
1 13 18
2 14 13
3 5 14
t 682 71
m 8 13
1 12 18
2 13 13
3 5 13
t 681 71
m 8 13
1 13 18
2 13 14
3 5 14
t 680 71
m 8 13
1 13 17
2 14 14
3 5 13
t 679 71
m 7 13
1 13 18
2 15 14
3 6 13
f 4 14
t 678 71
m 7 14
1 14 18
2 15 15
3 7 13
t 677 71
m 6 14
1 13 18
2 15 16
3 6 13
t 676 71
m 5 14
1 14 18
2 16 16
3 6 14
t 675 71
m 4 14
1 14 19
2 16 17
3 7 14
t 674 81
m 4 14
1 13 19
2 16 16
3 6 14
t 673 81
m 4 14
1 12 19
2 16 17
3 7 14
t 672 81
m 4 14
1 12 18
2 16 18
3 7 13
t 671 81
m 4 14
1 12 19
2 17 18
3 8 13
t 670 81
m 4 14
1 12 18
2 17 19
3 8 14
t 669 81
m 4 14
1 13 18
2 16 19
3 8 13
t 668 81
m 4 14
1 12 18
2 16 18
3 9 13
t 667 81
m 4 14
1 12 17
2 15 18
3 9 12
t 666 81
m 4 14
1 12 18
2 14 18
3 9 11
t 665 81
m 4 14
1 12 17
2 13 18
3 8 11
t 664 81
m 5 14
1 13 17
2 13 19
3 9 11
f 14 15
t 663 81
m 5 14
1 13 16
2 14 19
3 10 11
t 662 81
m 5 13
1 13 15
2 14 18
3 10 10
t 661 81
m 5 14
1 13 14
2 14 19
3 11 10
t 660 81
m 6 14
1 13 15
2 15 19
3 11 9
t 659 81
m 6 13
1 13 16
2 16 19
3 12 9
t 658 81
m 6 13
1 13 15
2 16 18
3 13 9
t 657 81
m 7 13
1 14 15
2 16 19
3 14 9
t 656 81
m 8 13
1 14 16
2 17 19
3 15 9
t 655 81
m 8 14
1 15 16
2 17 18
3 16 9
t 654 81
m 8 15
1 14 16
2 18 18
3 15 9
t 653 81
m 9 15
1 14 15
2 17 18
3 14 9
t 652 82
m 10 15
1 14 14
2 17 19
3 15 9
t 651 82
m 11 15
1 14 13
2 17 18
3 16 9
t 650 82
m 12 15
1 14 14
2 17 19
3 15 9
t 649 82
m 13 15
1 15 14
2 17 18
3 16 9
t 648 82
m 14 15
1 16 14
2 16 18
3 15 9
t 647 92
m 14 15
1 16 15
2 16 19
3 14 9
t 646 92
m 14 15
1 17 15
2 15 19
3 15 9
t 645 92
m 14 15
1 16 15
2 15 18
3 14 9
t 644 92
m 14 15
1 17 15
2 16 18
3 13 9
t 643 92
m 14 15
1 17 14
2 16 19
3 13 10
t 642 92
m 14 15
1 17 13
2 15 19
3 13 9
t 641 92
m 14 15
1 18 13
2 16 19
3 13 10
t 640 92
m 14 15
1 17 13
2 16 18
3 12 10
t 639 92
m 14 15
1 16 13
2 16 19
3 12 11
t 638 92
m 14 15
1 17 13
2 17 19
3 13 11
t 637 92
m 14 15
1 18 13
2 17 18
3 12 11
t 636 92
m 14 15
1 17 13
2 16 18
3 12 12
t 635 92
m 14 15
1 18 13
2 15 18
3 12 13
t 634 92
m 14 15
1 19 13
2 16 18
3 13 13
t 633 92
m 14 14
1 19 12
2 17 18
3 14 13
f 1 6
t 632 93
m 13 14
1 19 11
2 18 18
3 13 13
t 631 93
m 13 13
1 18 11
2 19 18
3 12 13
t 630 94
m 13 12
1 18 10
2 20 18
3 13 13
t 629 94
m 13 11
1 18 11
2 21 18
3 13 14
t 628 95
m 12 11
1 18 10
2 20 18
3 14 14
t 627 96
m 12 10
1 19 10
2 21 18
3 15 14
t 626 96
m 12 10
1 20 10
2 21 19
3 14 14
t 625 96
m 12 9
1 20 9
2 21 18
3 14 13
t 624 96
m 11 9
1 19 9
2 21 19
3 15 13
t 623 96
m 11 8
1 18 9
2 21 18
3 15 12
t 622 96
m 11 7
1 17 9
2 22 18
3 15 13
t 621 96
m 11 6
1 18 9
2 23 18
3 15 12
t 620 96
m 11 5
1 18 10
2 24 18
3 15 13
t 619 96
m 10 5
1 19 10
2 25 18
3 15 14
t 618 97
m 9 5
1 20 10
2 25 17
3 16 14
t 617 98
m 9 5
1 19 10
2 26 17
3 16 13
t 616 98
m 10 5
1 19 9
2 26 18
3 16 14
t 615 98
m 11 5
1 18 9
2 27 18
3 16 13
t 614 98
m 11 6
1 18 8
2 28 18
3 15 13
t 613 98
m 10 6
1 18 9
2 28 19
3 14 13
t 612 98
m 10 6
1 18 8
2 28 18
3 15 13
t 611 98
m 10 5
1 18 7
2 28 19
3 14 13
t 610 98
m 9 5
1 19 7
2 29 19
3 13 13
t 609 98
m 8 5
1 18 7
2 28 19
3 13 12
t 608 98
m 9 5
1 18 8
2 29 19
3 13 11
t 607 98
m 9 6
1 18 9
2 28 19
3 13 12
t 606 98
m 8 6
1 17 9
2 29 19
3 14 12
t 605 99
m 8 6
1 18 9
2 28 19
3 14 13
t 604 99
m 8 6
1 18 8
2 29 19
3 14 14
t 603 99
m 7 6
1 18 9
2 28 19
3 15 14
t 602 99
m 8 6
1 19 9
2 27 19
3 15 15
t 601 99
m 7 6
1 18 9
2 28 19
3 14 15
t 600 99
m 7 5
1 17 9
2 28 18
3 15 15
t 599 99
m 7 6
1 18 9
2 29 18
3 16 15
t 598 99
m 7 5
1 18 10
2 29 19
3 16 16
t 597 99
m 8 5
1 19 10
2 28 19
3 17 16
t 596 99
m 7 5
1 19 11
2 28 18
3 17 15
t 595 99
m 7 5
1 19 12
2 28 19
3 17 14
t 594 99
m 7 5
1 19 13
2 28 18
3 18 14
t 593 99
m 7 5
1 19 14
2 29 18
3 17 14
t 592 99
m 7 4
1 18 14
2 29 19
3 16 14
t 591 99
m 7 5
1 19 14
2 29 18
3 16 15
t 590 99
m 7 5
1 20 14
2 29 17
3 15 15
t 589 99
m 7 5
1 20 13
2 29 18
3 16 15
t 588 99
m 7 5
1 19 13
2 29 17
3 15 15
t 587 99
m 8 5
1 20 13
2 29 16
3 15 14
t 586 99
m 8 5
1 20 12
2 29 15
3 15 13
t 585 99
m 8 6
1 20 11
2 29 14
3 15 14
t 584 99
m 7 6
1 20 12
2 29 15
3 14 14
t 583 99
m 7 6
1 20 11
2 28 15
3 14 13
t 582 99
m 7 6
1 20 12
2 27 15
3 15 13
t 581 99
m 7 6
1 19 12
2 28 15
3 15 14
t 580 99
m 8 6
1 20 12
2 28 14
3 15 15
t 579 99
m 7 6
1 19 12
2 28 13
3 14 15
t 578 99
m 7 5
1 20 12
2 29 13
3 14 14
t 577 99
m 7 6
1 20 11
2 28 13
3 13 14
t 576 99
m 7 5
1 21 11
2 29 13
3 13 15
t 575 99
m 8 5
1 22 11
2 29 12
3 14 15
t 574 99
m 7 5
1 22 10
2 28 12
3 15 15
t 573 99
m 7 6
1 23 10
2 29 12
3 15 16
t 572 99
m 7 6
1 22 10
2 29 11
3 16 16
t 571 99
m 8 6
1 23 10
2 29 12
3 16 15
t 570 99
m 7 6
1 22 10
2 29 11
3 16 14
t 569 99
m 7 6
1 22 11
2 29 10
3 15 14
t 568 99
m 7 7
1 21 11
2 29 9
3 16 14
t 567 99
m 6 7
1 20 11
2 29 8
3 17 14
t 566 99
m 6 7
1 20 12
2 28 8
3 17 13
t 565 99
m 5 7
1 19 12
2 28 7
3 16 13
t 564 99
m 5 7
1 19 13
2 28 8
3 15 13
t 563 99
m 6 7
1 19 12
2 28 7
3 15 14
t 562 99
m 5 7
1 19 11
2 27 7
3 14 14
t 561 99
m 6 7
1 19 10
2 27 8
3 13 14
t 560 99
m 5 7
1 19 9
2 28 8
3 14 14
t 559 99
m 4 7
1 19 8
2 29 8
3 15 14
t 558 99
m 3 7
1 18 8
2 29 9
3 15 15
t 557 99
m 2 7
1 19 8
2 29 10
3 15 16
t 556 99
m 2 7
1 18 8
2 29 9
3 15 15
t 555 99
m 1 7
1 19 8
2 29 8
3 16 15
t 554 99
m 2 7
1 19 9
2 28 8
3 15 15
t 553 99
m 1 7
1 19 8
2 29 8
3 16 15
t 552 99
m 1 6
1 19 9
2 29 7
3 16 16
t 551 109
m 1 6
1 19 8
2 28 7
3 15 16
t 550 109
m 1 7
1 18 8
2 29 7
3 14 16
f 9 11
t 549 109
m 1 8
1 19 8
2 28 7
3 13 16
t 548 109
m 1 8
1 20 8
2 28 8
3 13 15
t 547 109
m 2 8
1 19 8
2 29 8
3 14 15
t 546 110
m 2 7
1 19 7
2 29 9
3 14 14
t 545 110
m 3 7
1 19 8
2 29 10
3 13 14
t 544 110
m 3 8
1 19 7
2 29 11
3 13 13
t 543 110
m 2 8
1 18 7
2 29 12
3 13 14
t 542 110
m 1 8
1 18 6
2 29 11
3 13 15
t 541 110
m 2 8
1 17 6
2 28 11
3 13 14
t 540 110
m 1 8
1 16 6
2 27 11
3 13 15
t 539 110
m 0 8
1 15 6
2 27 12
3 13 14
t 538 110
m 0 9
1 15 5
2 28 12
3 14 14
t 537 111
m 0 10
1 15 6
2 27 12
3 14 15
t 536 111
m 0 11
1 16 6
2 27 11
3 14 14
t 535 111
m 0 12
1 17 6
2 27 12
3 15 14
t 534 112
m 0 11
1 16 6
2 27 11
3 14 14
t 533 112
m 0 10
1 17 6
2 26 11
3 13 14
t 532 112
m 0 10
1 16 6
2 27 11
3 14 14
t 531 112
m 0 9
1 17 6
2 26 11
3 15 14
t 530 112
m 0 10
1 18 6
2 25 11
3 14 14
t 529 112
m 0 11
1 18 5
2 25 10
3 14 13
t 528 112
m 0 11
1 18 6
2 24 10
3 14 12
t 527 112
m 0 10
1 17 6
2 25 10
3 13 12
t 526 112
m 0 11
1 16 6
2 24 10
3 13 13
t 525 112
m 0 10
1 16 5
2 24 11
3 13 14
t 524 112
m 0 11
1 16 6
2 25 11
3 13 15
t 523 112
m 0 10
1 17 6
2 25 12
3 12 15
t 522 112
m 0 9
1 18 6
2 25 11
3 11 15
t 521 112
m 0 9
1 18 5
2 25 12
3 12 15
t 520 112
m 0 9
1 18 6
2 25 13
3 11 15
t 519 112
m 0 10
1 17 6
2 25 12
3 12 15
t 518 112
m 0 10
1 17 5
2 26 12
3 13 15
t 517 112
m 0 10
1 18 5
2 27 12
3 13 16
t 516 112
m 0 10
1 19 5
2 26 12
3 13 15
t 515 112
m 0 9
1 19 6
2 25 12
3 13 16
t 514 112
m 0 10
1 19 7
2 25 11
3 14 16
t 513 112
m 0 11
1 19 6
2 25 10
3 13 16
t 512 112
m 0 11
1 18 6
2 24 10
3 14 16
t 511 112
m 0 10
1 18 7
2 25 10
3 13 16
t 510 112
m 0 10
1 19 7
2 24 10
3 14 16
t 509 112
m 0 11
1 19 6
2 23 10
3 15 16
t 508 112
m 0 12
1 20 6
2 23 9
3 14 16
t 507 112
m 0 11
1 20 5
2 22 9
3 14 15
t 506 112
m 0 11
1 19 5
2 23 9
3 13 15
t 505 112
m 0 12
1 19 6
2 22 9
3 14 15
t 504 112
m 0 11
1 19 5
2 22 8
3 13 15
t 503 112
m 0 11
1 19 4
2 22 9
3 14 15
t 502 112
m 0 11
1 19 5
2 23 9
3 14 16
t 501 112
m 0 10
1 19 6
2 22 9
3 13 16
t 500 112
m 0 10
1 19 5
2 21 9
3 13 17
t 499 112
m 0 10
1 19 4
2 20 9
3 12 17
t 498 112
m 0 10
1 20 4
2 20 8
3 12 18
t 497 112
m 0 11
1 20 3
2 19 8
3 12 19
t 496 112
m 0 12
1 20 4
2 18 8
3 11 19
t 495 112
m 0 12
1 20 5
2 19 8
3 12 19
t 494 112
m 0 11
1 20 4
2 19 7
3 13 19
t 493 112
m 0 11
1 21 4
2 18 7
3 13 18
t 492 112
m 0 11
1 22 4
2 18 8
3 13 17
t 491 112
m 0 11
1 22 5
2 18 9
3 13 16
t 490 112
m 0 12
1 23 5
2 17 9
3 13 15
t 489 112
m 0 12
1 22 5
2 16 9
3 14 15
t 488 112
m 0 11
1 23 5
2 17 9
3 13 15
t 487 112
m 0 10
1 23 6
2 16 9
3 13 14
t 486 112
m 0 10
1 24 6
2 17 9
3 13 13
t 485 112
m 0 9
1 23 6
2 16 9
3 13 12
t 484 112
m 0 9
1 22 6
2 15 9
3 12 12
t 483 112
m 0 8
1 22 7
2 16 9
3 12 11
t 482 112
m 0 8
1 23 7
2 15 9
3 12 12
t 481 112
m 0 8
1 22 7
2 16 9
3 12 11
t 480 112
m 1 8
1 22 8
2 17 9
3 11 11
t 479 112
m 2 8
1 22 7
2 18 9
3 11 10
t 478 112
m 2 8
1 22 8
2 18 8
3 12 10
t 477 112
m 1 8
1 23 8
2 18 9
3 13 10
t 476 112
m 1 8
1 22 8
2 18 8
3 12 10
t 475 112
m 2 8
1 23 8
2 19 8
3 11 10
t 474 112
m 1 8
1 24 8
2 20 8
3 10 10
t 473 112
m 1 7
1 25 8
2 20 9
3 10 9
t 472 112
m 1 8
1 26 8
2 20 10
3 11 9
t 471 112
m 0 8
1 27 8
2 19 10
3 10 9
t 470 112
m 1 8
1 26 8
2 18 10
3 10 8
t 469 112
m 1 8
1 25 8
2 18 11
3 10 7
t 468 112
m 2 8
1 24 8
2 19 11
3 11 7
t 467 112
m 2 7
1 23 8
2 19 12
3 11 6
t 466 112
m 2 8
1 22 8
2 19 11
3 12 6
t 465 112
m 2 8
1 22 7
2 18 11
3 11 6
t 464 112
m 1 8
1 23 7
2 18 10
3 11 7
t 463 112
m 2 8
1 22 7
2 18 9
3 10 7
t 462 112
m 3 8
1 22 6
2 19 9
3 9 7
t 461 112
m 4 8
1 23 6
2 19 8
3 8 7
t 460 112
m 4 9
1 23 7
2 19 7
3 8 6
t 459 113
m 4 10
1 23 8
2 18 7
3 8 5
t 458 114
m 4 11
1 23 9
2 19 7
3 8 6
t 457 114
m 4 10
1 23 10
2 18 7
3 9 6
t 456 114
m 4 11
1 24 10
2 18 6
3 10 6
t 455 114
m 4 12
1 25 10
2 18 5
3 11 6
t 454 115
m 5 12
1 24 10
2 19 5
3 11 5
t 453 116
m 5 12
1 23 10
2 20 5
3 10 5
t 452 116
m 6 12
1 22 10
2 19 5
3 11 5
t 451 116
m 7 12
1 22 11
2 19 4
3 11 6
t 450 116
m 6 12
1 21 11
2 19 5
3 12 6
t 449 116
m 6 12
1 22 11
2 19 4
3 13 6
t 448 116
m 7 12
1 21 11
2 19 5
3 14 6
t 447 116
m 7 12
1 21 12
2 20 5
3 15 6
t 446 116
m 6 12
1 20 12
2 19 5
3 15 5
t 445 116
m 7 12
1 21 12
2 19 6
3 14 5
t 444 116
m 7 11
1 20 12
2 19 5
3 14 6
t 443 117
m 8 11
1 20 11
2 18 5
3 15 6
t 442 117
m 8 11
1 21 11
2 19 5
3 15 5
t 441 117
m 9 11
1 21 12
2 18 5
3 16 5
t 440 127
m 9 11
1 21 11
2 19 5
3 17 5
t 439 127
m 9 11
1 20 11
2 18 5
3 18 5
f 19 5
t 438 127
m 10 11
1 21 11
2 17 5
3 18 6
t 437 127
m 11 11
1 20 11
2 17 6
3 18 7
t 436 128
m 10 11
1 21 11
2 17 5
3 18 8
t 435 128
m 11 11
1 20 11
2 16 5
3 19 8
t 434 128
m 12 11
1 20 12
2 16 6
3 19 7
t 433 128
m 12 10
1 19 12
2 16 5
3 18 7
t 432 128
m 11 10
1 19 11
2 17 5
3 18 8
t 431 128
m 12 10
1 19 12
2 17 6
3 18 9
t 430 128
m 12 10
1 19 13
2 18 6
3 18 10
t 429 128
m 13 10
1 19 14
2 18 5
3 18 9
t 428 129
m 13 10
1 20 14
2 19 5
3 17 9
t 427 129
m 13 9
1 20 15
2 19 4
3 18 9
t 426 129
m 14 9
1 20 16
2 19 5
3 19 9
t 425 129
m 15 9
1 20 15
2 19 6
3 19 10
t 424 129
m 15 9
1 20 16
2 18 6
3 19 9
t 423 129
m 16 9
1 21 16
2 17 6
3 20 9
t 422 129
m 17 9
1 20 16
2 18 6
3 21 9
t 421 129
m 18 9
1 19 16
2 18 7
3 20 9
t 420 129
m 18 8
1 20 16
2 19 7
3 20 10
t 419 129
m 18 7
1 20 15
2 19 6
3 20 11
t 418 129
m 18 6
1 20 14
2 19 7
3 19 11
t 417 130
m 18 5
1 21 14
2 19 8
3 19 10
t 416 130
m 19 5
1 20 14
2 19 9
3 19 11
t 415 140
m 19 5
1 19 14
2 20 9
3 20 11
t 414 140
m 19 5
1 20 14
2 19 9
3 19 11
t 413 140
m 19 5
1 20 13
2 20 9
3 19 12
t 412 140
m 19 5
1 19 13
2 19 9
3 19 11
t 411 140
m 19 5
1 19 14
2 19 8
3 20 11
t 410 140
m 19 5
1 19 13
2 20 8
3 20 12
t 409 140
m 19 5
1 19 14
2 19 8
3 20 11
t 408 140
m 19 5
1 18 14
2 18 8
3 21 11
t 407 140
m 19 5
1 19 14
2 18 9
3 22 11
t 406 140
m 19 5
1 18 14
2 18 10
3 22 10
t 405 140
m 19 5
1 19 14
2 19 10
3 22 9
t 404 140
m 19 5
1 19 13
2 18 10
3 22 10
t 403 140
m 19 5
1 20 13
2 18 11
3 22 11
t 402 140
m 19 5
1 20 14
2 18 10
3 23 11
t 401 140
m 19 5
1 20 13
2 18 11
3 22 11
t 400 140
m 19 5
1 21 13
2 18 10
3 23 11
t 399 140
m 19 5
1 20 13
2 18 9
3 24 11
t 398 140
m 19 5
1 20 12
2 19 9
3 23 11
t 397 140
m 19 5
1 20 11
2 19 10
3 22 11
t 396 140
m 19 5
1 19 11
2 20 10
3 21 11
t 395 140
m 19 5
1 20 11
2 20 9
3 22 11
t 394 140
m 19 5
1 21 11
2 20 10
3 23 11
t 393 140
m 19 5
1 21 12
2 20 11
3 23 12
t 392 140
m 19 5
1 20 12
2 21 11
3 23 13
t 391 140
m 19 5
1 21 12
2 20 11
3 23 14
t 390 140
m 19 5
1 21 13
2 20 10
3 23 15
t 389 140
m 19 5
1 21 14
2 19 10
3 23 14
t 388 140
m 19 6
1 21 15
2 20 10
3 23 13
f 23 17
t 387 140
m 20 6
1 22 15
2 20 11
3 23 12
t 386 141
m 21 6
1 22 16
2 20 12
3 24 12
t 385 141
m 22 6
1 21 16
2 21 12
3 24 11
t 384 141
m 22 5
1 20 16
2 21 11
3 24 10
t 383 141
m 22 6
1 21 16
2 21 12
3 23 10
t 382 141
m 22 7
1 21 15
2 20 12
3 22 10
t 381 141
m 23 7
1 22 15
2 20 13
3 23 10
t 380 141
m 23 8
1 23 15
2 19 13
3 22 10
t 379 141
m 23 9
1 24 15
2 20 13
3 22 11
t 378 141
m 23 10
1 25 15
2 20 12
3 21 11
t 377 141
m 23 11
1 24 15
2 21 12
3 20 11
t 376 141
m 23 12
1 23 15
2 21 11
3 21 11
t 375 141
m 23 13
1 23 16
2 20 11
3 20 11
t 374 141
m 23 14
1 22 16
2 19 11
3 19 11
t 373 141
m 23 15
1 22 15
2 20 11
3 20 11
t 372 141
m 23 16
1 23 15
2 19 11
3 20 10
t 371 141
m 23 17
1 23 14
2 18 11
3 20 11
t 370 151
m 23 17
1 23 13
2 18 10
3 19 11
t 369 151
m 23 17
1 23 14
2 18 9
3 19 12
t 368 151
m 23 17
1 23 15
2 17 9
3 19 13
t 367 151
m 23 17
1 24 15
2 18 9
3 19 12
t 366 151
m 23 17
1 25 15
2 19 9
3 19 13
t 365 151
m 23 17
1 24 15
2 18 9
3 20 13
t 364 151
m 23 17
1 24 16
2 17 9
3 21 13
t 363 151
m 23 16
1 24 17
2 18 9
3 21 12
f 4 2
t 362 151
m 23 15
1 24 18
2 17 9
3 21 13
t 361 151
m 23 14
1 24 17
2 16 9
3 21 12
t 360 151
m 23 13
1 23 17
2 15 9
3 21 11
t 359 151
m 23 12
1 24 17
2 14 9
3 21 12
t 358 151
m 23 11
1 23 17
2 15 9
3 21 13
t 357 151
m 23 10
1 23 16
2 14 9
3 21 14
t 356 151
m 22 10
1 23 15
2 15 9
3 21 13
t 355 151
m 22 9
1 23 14
2 16 9
3 21 14
t 354 151
m 22 10
1 23 15
2 15 9
3 21 13
t 353 151
m 22 9
1 23 16
2 16 9
3 20 13
t 352 151
m 22 9
1 23 15
2 15 9
3 20 14
t 351 151
m 22 8
1 24 15
2 16 9
3 20 15
t 350 151
m 22 7
1 23 15
2 17 9
3 20 14
t 349 151
m 22 6
1 22 15
2 18 9
3 21 14
t 348 151
m 22 5
1 22 16
2 17 9
3 21 15
t 347 151
m 21 5
1 21 16
2 16 9
3 21 16
t 346 152
m 20 5
1 21 15
2 17 9
3 21 15
t 345 152
m 20 5
1 21 16
2 18 9
3 22 15
t 344 152
m 20 4
1 21 15
2 19 9
3 21 15
t 343 152
m 20 3
1 22 15
2 19 10
3 22 15
t 342 152
m 20 2
1 23 15
2 20 10
3 21 15
t 341 152
m 20 2
1 23 14
2 19 10
3 21 14
t 340 152
m 20 2
1 23 13
2 20 10
3 21 13
t 339 152
m 20 2
1 24 13
2 20 11
3 21 14
t 338 152
m 20 2
1 24 12
2 19 11
3 21 15
t 337 152
m 20 1
1 25 12
2 20 11
3 21 14
t 336 152
m 19 1
1 25 13
2 21 11
3 21 15
t 335 152
m 19 0
1 25 12
2 21 12
3 21 14
t 334 152
m 18 0
1 25 11
2 21 13
3 21 15
t 333 152
m 19 0
1 25 12
2 21 12
3 20 15
t 332 152
m 19 1
1 26 12
2 20 12
3 21 15
t 331 152
m 18 1
1 25 12
2 21 12
3 21 14
t 330 153
m 18 0
1 25 13
2 21 11
3 20 14
t 329 153
m 18 1
1 25 12
2 22 11
3 20 13
t 328 153
m 17 1
1 25 13
2 22 10
3 20 14
t 327 153
m 17 1
1 26 13
2 23 10
3 20 13
t 326 153
m 17 1
1 26 12
2 23 11
3 20 12
t 325 153
m 17 0
1 26 11
2 23 12
3 20 13
t 324 154
m 17 1
1 26 12
2 23 13
3 19 13
t 323 154
m 17 0
1 27 12
2 23 12
3 19 12
t 322 154
m 17 1
1 28 12
2 24 12
3 19 11
t 321 154
m 17 1
1 28 13
2 24 11
3 19 12
t 320 154
m 17 0
1 28 14
2 24 12
3 20 12
t 319 154
m 16 0
1 28 15
2 23 12
3 20 13
t 318 154
m 15 0
1 29 15
2 23 11
3 20 12
t 317 154
m 14 0
1 28 15
2 23 12
3 20 11
t 316 154
m 14 1
1 28 16
2 23 13
3 20 10
t 315 154
m 14 1
1 28 15
2 23 14
3 19 10
t 314 154
m 14 1
1 29 15
2 23 13
3 19 11
t 313 154
m 14 0
1 28 15
2 23 14
3 20 11
t 312 154
m 13 0
1 29 15
2 23 13
3 21 11
t 311 154
m 12 0
1 29 16
2 23 12
3 21 12
t 310 154
m 12 1
1 28 16
2 23 13
3 21 11
t 309 154
m 11 1
1 29 16
2 24 13
3 22 11
t 308 155
m 12 1
1 29 15
2 24 12
3 23 11
t 307 155
m 11 1
1 29 14
2 25 12
3 23 10
t 306 155
m 11 2
1 28 14
2 24 12
3 24 10
t 305 155
m 11 1
1 28 15
2 25 12
3 24 11
t 304 155
m 10 1
1 28 16
2 24 12
3 24 12
t 303 155
m 9 1
1 28 15
2 24 11
3 25 12
t 302 156
m 8 1
1 28 16
2 24 12
3 25 13
t 301 157
m 7 1
1 29 16
2 24 11
3 24 13
t 300 158
m 7 2
1 29 17
2 23 11
3 25 13
t 299 158
m 6 2
1 29 18
2 23 10
3 26 13
t 298 158
m 5 2
1 28 18
2 22 10
3 26 12
t 297 158
m 5 3
1 29 18
2 22 9
3 27 12
t 296 159
m 5 2
1 29 19
2 23 9
3 28 12
t 295 159
m 5 3
1 29 18
2 22 9
3 29 12
t 294 159
m 5 2
1 28 18
2 22 10
3 29 13
t 293 159
m 4 2
1 27 18
2 23 10
3 29 14
t 292 169
m 4 2
1 28 18
2 23 9
3 28 14
t 291 169
m 4 2
1 28 19
2 23 10
3 28 15
t 290 169
m 4 2
1 29 19
2 23 11
3 27 15
t 289 169
m 4 2
1 29 18
2 23 12
3 28 15
t 288 169
m 5 2
1 28 18
2 24 12
3 27 15
f 24 19
t 287 169
m 5 3
1 28 19
2 25 12
3 26 15
t 286 169
m 5 2
1 28 18
2 26 12
3 25 15
t 285 169
m 6 2
1 29 18
2 25 12
3 26 15
t 284 169
m 7 2
1 28 18
2 25 13
3 26 16
t 283 169
m 7 3
1 29 18
2 24 13
3 26 17
t 282 169
m 7 3
1 28 18
2 23 13
3 26 18
t 281 169
m 7 2
1 27 18
2 23 12
3 25 18
t 280 169
m 7 1
1 28 18
2 23 13
3 26 18
t 279 169
m 8 1
1 27 18
2 23 14
3 25 18
t 278 169
m 7 1
1 26 18
2 23 15
3 24 18
t 277 169
m 7 2
1 26 17
2 24 15
3 24 17
t 276 169
m 7 1
1 27 17
2 25 15
3 24 16
t 275 169
m 8 1
1 27 18
2 24 15
3 23 16
t 274 169
m 8 1
1 28 18
2 25 15
3 23 15
t 273 169
m 8 0
1 27 18
2 24 15
3 22 15
t 272 169
m 8 1
1 27 17
2 25 15
3 21 15
t 271 169
m 9 1
1 27 18
2 24 15
3 20 15
t 270 169
m 9 0
1 27 19
2 23 15
3 20 16
t 269 170
m 8 0
1 26 19
2 22 15
3 19 16
t 268 170
m 8 0
1 26 18
2 23 15
3 20 16
t 267 170
m 9 0
1 27 18
2 22 15
3 19 16
t 266 170
m 9 1
1 27 17
2 23 15
3 18 16
t 265 170
m 8 1
1 26 17
2 23 14
3 17 16
t 264 170
m 9 1
1 26 16
2 23 13
3 18 16
t 263 170
m 9 0
1 27 16
2 23 14
3 19 16
t 262 170
m 10 0
1 28 16
2 23 15
3 20 16
t 261 170
m 9 0
1 28 15
2 23 14
3 19 16
t 260 170
m 9 1
1 27 15
2 23 15
3 20 16
t 259 170
m 9 0
1 27 16
2 23 16
3 19 16
t 258 170
m 10 0
1 28 16
2 24 16
3 20 16
t 257 170
m 11 0
1 27 16
2 23 16
3 19 16
t 256 170
m 10 0
1 27 15
2 22 16
3 18 16
t 255 170
m 11 0
1 26 15
2 23 16
3 19 16
t 254 170
m 11 1
1 27 15
2 23 15
3 18 16
t 253 170
m 11 2
1 27 16
2 23 16
3 17 16
t 252 170
m 11 2
1 27 17
2 22 16
3 17 15
t 251 170
m 11 3
1 27 16
2 23 16
3 16 15
t 250 170
m 10 3
1 28 16
2 24 16
3 16 14
t 249 170
m 11 3
1 28 15
2 23 16
3 16 15
t 248 170
m 11 3
1 28 14
2 23 15
3 16 14
t 247 170
m 11 4
1 28 13
2 23 16
3 15 14
t 246 170
m 11 5
1 28 12
2 23 15
3 15 13
t 245 170
m 11 6
1 29 12
2 23 16
3 16 13
t 244 170
m 11 7
1 28 12
2 24 16
3 16 14
t 243 170
m 11 8
1 27 12
2 24 17
3 16 15
t 242 170
m 11 9
1 28 12
2 24 18
3 16 16
t 241 170
m 12 9
1 29 12
2 24 17
3 17 16
t 240 170
m 12 10
1 29 13
2 24 18
3 17 15
t 239 170
m 13 10
1 28 13
2 25 18
3 17 16
t 238 170
m 13 11
1 28 12
2 26 18
3 18 16
t 237 170
m 13 12
1 28 11
2 27 18
3 17 16
t 236 170
m 14 12
1 28 10
2 26 18
3 16 16
t 235 170
m 15 12
1 27 10
2 27 18
3 17 16
t 234 170
m 15 13
1 28 10
2 26 18
3 18 16
t 233 170
m 15 14
1 27 10
2 26 19
3 19 16
t 232 171
m 15 15
1 27 11
2 26 18
3 20 16
t 231 171
m 15 16
1 26 11
2 27 18
3 21 16
t 230 171
m 15 16
1 25 11
2 27 19
3 21 15
t 229 171
m 16 16
1 26 11
2 28 19
3 21 14
t 228 172
m 16 17
1 27 11
2 29 19
3 21 15
t 227 172
m 16 17
1 27 10
2 28 19
3 21 16
t 226 172
m 16 17
1 26 10
2 27 19
3 22 16
t 225 172
m 16 18
1 25 10
2 27 18
3 22 15
t 224 172
m 16 19
1 25 11
2 27 17
3 21 15
t 223 172
m 17 19
1 24 11
2 26 17
3 22 15
t 222 172
m 17 19
1 24 10
2 26 18
3 21 15
t 221 172
m 18 19
1 23 10
2 25 18
3 20 15
t 220 172
m 18 19
1 23 11
2 25 17
3 20 16
t 219 172
m 18 19
1 22 11
2 26 17
3 21 16
t 218 172
m 18 19
1 21 11
2 25 17
3 21 17
t 217 172
m 17 19
1 21 12
2 25 18
3 21 16
t 216 172
m 18 19
1 21 13
2 26 18
3 22 16
t 215 172
m 18 19
1 20 13
2 25 18
3 22 15
t 214 172
m 18 19
1 19 13
2 25 17
3 22 16
t 213 172
m 18 19
1 19 14
2 26 17
3 21 16
t 212 172
m 18 19
1 19 13
2 25 17
3 21 17
t 211 172
m 18 19
1 19 12
2 26 17
3 21 18
t 210 172
m 18 19
1 19 11
2 27 17
3 21 19
t 209 172
m 18 19
1 19 10
2 26 17
3 21 18
t 208 172
m 18 19
1 19 9
2 26 16
3 20 18
t 207 172
m 18 19
1 18 9
2 26 17
3 19 18
t 206 172
m 18 19
1 18 10
2 25 17
3 20 18
t 205 172
m 18 19
1 18 9
2 25 16
3 19 18
t 204 172
m 18 19
1 17 9
2 26 16
3 20 18
t 203 172
m 18 19
1 18 9
2 26 15
3 21 18
t 202 172
m 18 19
1 19 9
2 25 15
3 20 18
t 201 172
m 18 19
1 20 9
2 26 15
3 21 18
t 200 172
m 18 19
1 19 9
2 27 15
3 21 19
t 199 172
m 18 19
1 18 9
2 27 16
3 21 18
t 198 172
m 18 19
1 18 8
2 26 16
3 20 18
t 197 172
m 18 19
1 18 7
2 27 16
3 21 18
t 196 172
m 18 19
1 18 8
2 28 16
3 21 17
t 195 172
m 18 19
1 18 7
2 29 16
3 21 18
t 194 172
m 18 19
1 19 7
2 29 15
3 20 18
t 193 172
m 18 19
1 18 7
2 29 14
3 21 18
t 192 172
m 17 19
1 18 8
2 28 14
3 20 18
t 191 172
m 18 19
1 18 9
2 29 14
3 19 18
t 190 172
m 18 19
1 19 9
2 28 14
3 20 18
t 189 172
m 18 19
1 19 8
2 28 13
3 19 18
t 188 172
m 18 19
1 19 7
2 28 12
3 20 18
t 187 172
m 18 19
1 19 6
2 28 11
3 21 18
t 186 172
m 18 19
1 20 6
2 27 11
3 21 19
t 185 172
m 18 19
1 21 6
2 26 11
3 21 18
t 184 172
m 18 19
1 22 6
2 25 11
3 22 18
t 183 172
m 17 19
1 21 6
2 26 11
3 21 18
t 182 172
m 17 19
1 22 6
2 26 12
3 21 17
t 181 172
m 17 19
1 22 7
2 27 12
3 21 16
t 180 172
m 18 19
1 22 8
2 26 12
3 21 15
t 179 172
m 18 19
1 22 9
2 26 13
3 21 14
t 178 172
m 17 19
1 21 9
2 26 12
3 20 14
t 177 172
m 18 19
1 22 9
2 25 12
3 19 14
t 176 172
m 18 19
1 22 10
2 26 12
3 18 14
t 175 172
m 18 19
1 23 10
2 26 11
3 18 13
t 174 172
m 18 19
1 23 11
2 26 12
3 19 13
t 173 172
m 18 19
1 24 11
2 26 11
3 19 12
t 172 172
m 18 19
1 23 11
2 27 11
3 19 13
t 171 172
m 18 19
1 24 11
2 28 11
3 19 14
t 170 172
m 18 19
1 25 11
2 28 10
3 20 14
t 169 172
m 18 18
1 24 11
2 28 11
3 19 14
t 168 172
m 18 18
1 23 11
2 29 11
3 20 14
t 167 172
m 19 18
1 23 12
2 28 11
3 20 15
t 166 172
m 20 18
1 23 11
2 27 11
3 20 16
t 165 172
m 21 18
1 22 11
2 26 11
3 19 16
t 164 172
m 21 19
1 22 10
2 26 12
3 18 16
t 163 172
m 21 19
1 23 10
2 27 12
3 17 16
t 162 172
m 21 19
1 23 11
2 28 12
3 18 16
t 161 172
m 21 18
1 24 11
2 29 12
3 19 16
t 160 172
m 21 19
1 24 10
2 29 11
3 18 16
t 159 172
m 21 19
1 25 10
2 29 10
3 17 16
t 158 172
m 21 19
1 26 10
2 28 10
3 17 15
t 157 172
m 21 19
1 26 11
2 28 11
3 16 15
t 156 172
m 21 19
1 26 10
2 28 10
3 16 14
t 155 172
m 21 19
1 27 10
2 29 10
3 15 14
t 154 172
m 21 19
1 28 10
2 28 10
3 15 15
t 153 172
m 21 18
1 27 10
2 29 10
3 16 15
t 152 172
m 21 19
1 27 11
2 28 10
3 16 14
t 151 172
m 21 18
1 26 11
2 28 11
3 17 14
t 150 172
m 21 19
1 27 11
2 28 10
3 17 15
t 149 172
m 21 19
1 27 10
2 28 11
3 16 15
t 148 172
m 21 19
1 27 11
2 29 11
3 17 15
t 147 172
m 21 19
1 27 12
2 29 12
3 16 15
t 146 172
m 21 19
1 28 12
2 28 12
3 16 16
t 145 172
m 21 18
1 27 12
2 28 13
3 17 16
t 144 172
m 22 18
1 28 12
2 28 12
3 16 16
t 143 172
m 23 18
1 28 13
2 29 12
3 15 16
t 142 172
m 24 18
1 28 14
2 28 12
3 16 16
t 141 172
m 24 19
1 28 13
2 27 12
3 17 16
t 140 182
m 24 18
1 28 12
2 27 11
3 18 16
f 20 0
t 139 182
m 23 18
1 28 13
2 27 12
3 19 16
t 138 182
m 23 17
1 29 13
2 28 12
3 20 16
t 137 182
m 23 16
1 29 12
2 29 12
3 19 16
t 136 182
m 23 15
1 29 11
2 29 11
3 20 16
t 135 182
m 23 14
1 29 12
2 28 11
3 20 15
t 134 182
m 23 13
1 28 12
2 28 10
3 20 16
t 133 182
m 23 12
1 27 12
2 29 10
3 21 16
t 132 182
m 23 11
1 27 11
2 29 11
3 20 16
t 131 182
m 23 10
1 27 10
2 29 12
3 19 16
t 130 182
m 22 10
1 26 10
2 28 12
3 18 16
t 129 182
m 22 9
1 25 10
2 28 13
3 19 16
t 128 182
m 21 9
1 24 10
2 28 12
3 20 16
t 127 182
m 20 9
1 25 10
2 28 11
3 21 16
t 126 182
m 20 8
1 26 10
2 28 12
3 21 15
t 125 183
m 20 8
1 26 11
2 29 12
3 20 15
t 124 183
m 20 8
1 26 10
2 29 13
3 21 15
t 123 183
m 20 8
1 25 10
2 29 12
3 20 15
t 122 183
m 20 8
1 26 10
2 28 12
3 20 16
t 121 183
m 19 8
1 26 11
2 29 12
3 20 15
t 120 183
m 19 7
1 27 11
2 29 11
3 20 14
t 119 183
m 19 6
1 27 12
2 29 12
3 20 13
t 118 183
m 19 5
1 27 11
2 29 13
3 20 14
t 117 183
m 19 4
1 27 12
2 29 14
3 21 14
t 116 183
m 19 4
1 28 12
2 29 13
3 21 13
t 115 183
m 19 4
1 27 12
2 29 12
3 21 14
t 114 183
m 20 4
1 26 12
2 28 12
3 21 15
t 113 183
m 20 3
1 26 13
2 27 12
3 21 16
t 112 183
m 20 2
1 26 12
2 26 12
3 21 15
t 111 183
m 20 3
1 26 13
2 26 11
3 21 16
t 110 183
m 20 3
1 25 13
2 26 12
3 22 16
t 109 183
m 20 2
1 25 12
2 26 13
3 22 15
t 108 183
m 20 1
1 26 12
2 25 13
3 22 16
t 107 183
m 20 0
1 25 12
2 26 13
3 23 16
t 106 193
m 20 0
1 26 12
2 25 13
3 22 16
t 105 193
m 20 0
1 27 12
2 25 12
3 22 15
t 104 193
m 20 0
1 27 11
2 26 12
3 22 16
t 103 193
m 20 0
1 28 11
2 27 12
3 21 16
t 102 193
m 20 0
1 29 11
2 28 12
3 21 15
t 101 193
m 20 0
1 29 12
2 28 13
3 20 15
t 100 193
m 20 0
1 29 13
2 29 13
3 21 15
t 99 193
m 20 0
1 29 12
2 29 14
3 20 15
t 98 193
m 20 0
1 28 12
2 29 13
3 20 14
t 97 193
m 20 0
1 27 12
2 29 12
3 19 14
t 96 193
m 20 0
1 27 11
2 29 13
3 20 14
t 95 193
m 20 0
1 27 12
2 29 12
3 20 15
t 94 193
m 20 0
1 26 12
2 29 11
3 20 16
t 93 193
m 20 0
1 26 13
2 29 10
3 21 16
t 92 193
m 20 0
1 26 12
2 29 11
3 21 15
t 91 193
m 20 0
1 26 11
2 28 11
3 22 15
t 90 193
m 20 0
1 25 11
2 28 12
3 22 16
t 89 193
m 20 0
1 25 10
2 29 12
3 21 16
t 88 193
m 20 0
1 26 10
2 29 13
3 21 17
t 87 193
m 20 0
1 27 10
2 28 13
3 21 16
t 86 193
m 20 0
1 27 11
2 29 13
3 21 17
t 85 193
m 20 0
1 26 11
2 28 13
3 21 16
t 84 193
m 20 0
1 27 11
2 29 13
3 22 16
t 83 193
m 20 0
1 27 10
2 29 12
3 22 15
t 82 193
m 20 0
1 26 10
2 29 11
3 22 16
t 81 193
m 20 0
1 26 11
2 28 11
3 23 16
t 80 193
m 20 0
1 26 10
2 27 11
3 24 16
t 79 193
m 20 0
1 25 10
2 27 12
3 24 15
t 78 193
m 20 0
1 24 10
2 28 12
3 25 15
t 77 193
m 20 0
1 25 10
2 28 13
3 24 15
t 76 193
m 20 0
1 25 11
2 29 13
3 24 16
t 75 193
m 20 0
1 25 10
2 29 14
3 24 17
t 74 193
m 20 0
1 26 10
2 28 14
3 24 16
t 73 193
m 20 0
1 25 10
2 28 15
3 24 15
t 72 193
m 20 0
1 25 11
2 27 15
3 24 16
t 71 193
m 20 0
1 25 12
2 26 15
3 24 17
t 70 193
m 20 0
1 25 11
2 27 15
3 25 17
t 69 193
m 20 0
1 24 11
2 27 16
3 24 17
t 68 193
m 20 0
1 24 12
2 27 17
3 24 18
t 67 193
m 20 0
1 25 12
2 27 16
3 25 18
t 66 193
m 20 0
1 25 11
2 27 17
3 25 17
t 65 193
m 20 0
1 26 11
2 27 18
3 24 17
t 64 193
m 20 0
1 26 12
2 27 17
3 23 17
t 63 193
m 20 0
1 27 12
2 27 18
3 23 18
t 62 193
m 20 0
1 27 11
2 27 17
3 23 19
t 61 193
m 20 0
1 28 11
2 26 17
3 24 19
t 60 193
m 20 0
1 29 11
2 25 17
3 24 18
t 59 193
m 20 0
1 28 11
2 26 17
3 25 18
t 58 193
m 20 0
1 28 10
2 26 18
3 25 17
t 57 193
m 20 0
1 28 11
2 27 18
3 25 16
t 56 193
m 20 0
1 28 12
2 28 18
3 25 17
t 55 193
m 20 0
1 27 12
2 29 18
3 26 17
t 54 193
m 20 0
1 28 12
2 28 18
3 25 17
t 53 193
m 20 0
1 28 13
2 29 18
3 26 17
t 52 193
m 20 0
1 28 12
2 28 18
3 26 18
t 51 193
m 21 0
1 28 11
2 29 18
3 27 18
f 23 18
t 50 193
m 21 0
1 28 10
2 29 17
3 28 18
t 49 193
m 22 0
1 28 11
2 29 18
3 29 18
t 48 193
m 22 0
1 28 12
2 29 17
3 28 18
t 47 193
m 22 0
1 28 13
2 29 16
3 28 19
t 46 193
m 22 0
1 28 12
2 29 17
3 27 19
t 45 193
m 23 0
1 28 13
2 29 16
3 28 19
t 44 194
m 23 0
1 28 12
2 28 16
3 29 19
t 43 194
m 24 0
1 27 12
2 29 16
3 28 19
t 42 194
m 23 0
1 26 12
2 28 16
3 29 19
t 41 194
m 24 0
1 25 12
2 28 15
3 29 18
t 40 194
m 25 0
1 24 12
2 28 16
3 29 17
t 39 194
m 24 0
1 24 11
2 28 15
3 29 16
t 38 194
m 23 0
1 24 12
2 28 16
3 28 16
t 37 194
m 22 0
1 24 11
2 27 16
3 27 16
t 36 194
m 22 0
1 24 12
2 28 16
3 26 16
t 35 194
m 23 0
1 23 12
2 28 15
3 27 16
t 34 194
m 22 0
1 24 12
2 27 15
3 28 16
t 33 194
m 23 0
1 23 12
2 26 15
3 28 15
t 32 194
m 22 0
1 23 11
2 25 15
3 27 15
t 31 194
m 22 1
1 24 11
2 25 16
3 26 15
t 30 194
m 22 2
1 24 12
2 24 16
3 26 16
t 29 194
m 22 1
1 25 12
2 25 16
3 27 16
t 28 194
m 22 2
1 26 12
2 25 15
3 28 16
t 27 194
m 22 3
1 27 12
2 24 15
3 27 16
t 26 194
m 23 3
1 27 11
2 24 16
3 27 17
t 25 194
m 23 3
1 28 11
2 23 16
3 26 17
t 24 194
m 23 3
1 29 11
2 24 16
3 26 16
t 23 194
m 23 3
1 28 11
2 23 16
3 26 17
t 22 194
m 23 3
1 29 11
2 22 16
3 26 18
t 21 194
m 22 3
1 29 12
2 21 16
3 26 19
t 20 194
m 22 3
1 29 13
2 21 15
3 25 19
t 19 194
m 23 3
1 29 12
2 22 15
3 26 19
t 18 194
m 24 3
1 29 11
2 23 15
3 26 18
t 17 194
m 23 3
1 29 12
2 23 16
3 26 19
t 16 194
m 23 3
1 29 13
2 24 16
3 25 19
t 15 194
m 24 3
1 29 14
2 24 17
3 25 18
t 14 194
m 23 3
1 28 14
2 25 17
3 25 19
t 13 194
m 24 3
1 28 13
2 26 17
3 26 19
t 12 194
m 23 3
1 28 12
2 27 17
3 26 18
t 11 194
m 23 3
1 27 12
2 27 18
3 26 17
t 10 194
m 22 3
1 26 12
2 26 18
3 25 17
t 9 194
m 22 4
1 26 13
2 25 18
3 25 18
t 8 195
m 21 4
1 25 13
2 26 18
3 24 18
t 7 195
m 22 4
1 25 12
2 25 18
3 25 18
t 6 195
m 22 5
1 24 12
2 26 18
3 25 19
t 5 195
m 22 5
1 23 12
2 25 18
3 25 18
t 4 195
m 23 5
1 23 13
2 26 18
3 25 19
t 3 195
m 23 6
1 23 12
2 25 18
3 25 18
t 2 195
m 23 7
1 23 13
2 25 17
3 25 17
t 1 195
m 23 6
1 23 14
2 24 17
3 25 18
t 0 195
