10
15
m 0 14
m 0 14
w 9 1
w 9 2
w 9 3
w 6 1
w 6 3
w 6 5
w 6 7
w 6 8
w 6 11
w 3 1
w 3 2
w 3 3
w 7 1
w 7 3
w 7 5
w 7 7
w 7 8
w 7 11
w 7 12
w 7 13
w 4 2
w 4 7
w 4 8
w 4 9
w 4 11
w 4 13
w 1 11
w 1 12
w 1 13
w 8 11
w 8 12
w 8 13
w 2 1
w 2 2
w 2 3
w 2 4
1 9 0
2 9 0
3 9 0
p 3 0
p 7 0
p 7 2
p 7 4
p 3 5
p 3 6
p 3 7
p 3 12
p 3 13
p 7 14
p 0 0
p 8 1
p 8 2
p 4 3
p 8 3
p 4 5
p 0 6
p 4 6
p 0 8
p 0 9
p 8 7
p 8 9
p 8 14
p 1 1
p 1 2
p 1 3
p 9 4
p 5 3
p 1 6
p 9 7
p 1 8
p 9 9
p 1 9
p 1 10
p 9 12
p 5 4
p 5 8
p 5 10
p 5 11
p 5 14
p 6 4
p 2 5
p 6 6
p 2 8
p 6 9
p 2 9
p 2 10
p 6 12
p 6 13
p 2 14
t 300 0
m 1 14
m 0 14
1 8 0
2 8 0
3 8 0
t 299 0
m 2 14
m 0 14
1 9 0
2 7 0
3 9 0
t 298 2
m 2 13
m 0 14
1 8 0
2 6 0
3 8 0
t 297 2
m 2 14
m 0 14
1 8 1
2 7 0
3 8 1
t 296 2
m 2 13
m 1 14
1 8 2
2 8 0
3 8 0
f 9 13
t 295 2
m 2 13
m 1 14
1 7 2
2 7 0
3 7 0
t 294 2
m 2 13
m 0 14
1 8 2
2 8 0
3 8 0
t 293 2
m 3 13
m 1 14
1 8 1
2 8 1
3 7 0
t 292 4
m 3 13
m 2 14
1 8 2
2 8 0
3 6 0
t 291 4
m 2 13
m 3 14
1 8 1
2 8 1
3 5 0
t 290 4
m 3 13
m 4 14
1 8 2
2 8 2
3 6 0
t 289 4
m 3 12
m 5 14
1 7 2
2 8 3
3 5 0
t 288 8
m 4 12
m 6 14
1 8 2
2 8 2
3 6 0
t 287 8
m 5 12
m 7 14
1 7 2
2 8 3
3 5 0
t 286 10
m 5 11
m 8 14
1 8 2
2 8 2
3 5 1
t 285 14
m 5 12
m 9 14
1 8 3
2 8 1
3 4 1
t 284 14
m 5 13
m 9 14
1 8 4
2 8 2
3 5 1
t 283 14
m 6 13
m 9 14
1 8 3
2 7 2
3 5 2
t 282 16
m 6 13
m 9 14
1 8 2
2 8 2
3 5 3
t 281 16
m 6 12
m 9 13
1 8 1
2 8 1
3 5 4
t 280 28
m 6 13
m 9 13
1 8 2
2 8 2
3 5 3
t 279 28
m 6 14
m 9 13
1 8 1
2 8 1
3 5 2
t 278 28
m 6 14
m 9 13
1 8 0
2 8 2
3 5 1
t 277 28
m 7 14
m 9 13
1 9 0
2 8 1
3 4 1
t 276 28
m 7 14
m 9 13
1 8 0
2 8 0
3 5 1
t 275 28
m 7 14
m 9 13
1 7 0
2 8 1
3 4 1
t 274 28
m 8 14
m 9 13
1 6 0
2 8 0
3 4 0
t 273 28
m 8 14
m 9 13
1 7 0
2 7 0
3 3 0
t 272 28
m 9 14
m 9 13
1 6 0
2 8 0
3 4 0
t 271 28
m 8 14
m 9 13
1 5 0
2 9 0
3 4 1
t 270 28
m 7 14
m 9 13
1 5 1
2 8 0
3 4 0
t 269 28
m 7 14
m 9 13
1 5 2
2 9 0
3 3 0
t 268 28
m 8 14
m 9 13
1 5 1
2 8 0
3 4 0
t 267 28
m 9 14
m 9 13
1 5 0
2 9 0
3 4 1
t 266 28
m 8 14
m 9 12
1 5 1
2 8 0
3 4 0
f 0 10
t 265 30
m 8 14
m 9 11
1 4 1
2 7 0
3 4 1
t 264 30
m 8 14
m 9 11
1 5 1
2 8 0
3 4 0
t 263 30
m 8 14
m 9 10
1 4 1
2 7 0
3 5 0
t 262 30
m 9 14
m 8 10
1 4 0
2 8 0
3 6 0
t 261 30
m 9 14
m 7 10
1 5 0
2 8 1
3 5 0
t 260 30
m 9 13
m 7 10
1 6 0
2 8 2
3 5 1
t 259 30
m 9 14
m 6 10
1 7 0
2 8 3
3 5 2
t 258 30
m 9 14
m 5 10
1 6 0
2 8 4
3 5 1
t 257 32
m 8 14
m 4 10
1 7 0
2 7 4
3 5 2
t 256 32
m 8 14
m 3 10
1 6 0
2 8 4
3 6 2
t 255 32
m 8 14
m 2 10
1 5 0
2 8 3
3 7 2
t 254 34
m 9 14
m 1 10
1 4 0
2 8 2
3 6 2
t 253 36
m 9 14
m 0 10
1 3 0
2 8 3
3 7 2
t 252 46
m 9 13
m 0 10
1 2 0
2 8 2
3 8 2
t 251 46
m 9 12
m 0 10
1 1 0
2 8 1
3 8 1
t 250 46
m 9 11
m 0 10
1 1 1
2 8 2
3 8 0
t 249 46
m 9 12
m 0 10
1 1 0
2 7 2
3 9 0
t 248 46
m 9 13
m 0 10
1 2 0
2 6 2
3 8 0
t 247 46
m 9 12
m 0 10
1 3 0
2 7 2
3 9 0
t 246 46
m 9 13
m 0 10
1 4 0
2 8 2
3 8 0
t 245 46
m 9 13
m 0 10
1 3 0
2 7 2
3 8 1
t 244 46
m 9 13
m 0 10
1 4 0
2 6 2
3 8 2
t 243 46
m 9 13
m 0 10
1 5 0
2 7 2
3 8 3
t 242 46
m 9 12
m 0 10
1 4 0
2 6 2
3 8 2
t 241 46
m 9 12
m 0 10
1 3 0
2 5 2
3 8 1
t 240 46
m 9 11
m 0 10
1 2 0
2 5 1
3 8 0
t 239 46
m 9 10
m 0 10
1 3 0
2 5 0
3 8 1
t 238 46
m 9 11
m 0 10
1 4 0
2 6 0
3 8 0
t 237 46
m 9 10
m 0 10
1 5 0
2 7 0
3 9 0
t 236 46
m 9 10
m 0 10
1 6 0
2 8 0
3 8 0
t 235 46
m 9 10
m 0 10
1 7 0
2 9 0
3 8 1
t 234 46
m 8 10
m 0 10
1 8 0
2 8 0
3 8 0
t 233 46
m 7 10
m 0 10
1 9 0
2 8 1
3 9 0
t 232 46
m 7 10
m 0 10
1 8 0
2 8 0
3 8 0
t 231 46
m 6 10
m 0 10
1 8 1
2 8 1
3 9 0
t 230 46
m 6 9
m 0 10
1 8 2
2 8 2
3 8 0
t 229 48
m 6 10
m 0 10
1 7 2
2 8 1
3 7 0
t 228 48
m 6 10
m 0 10
1 6 2
2 8 2
3 6 0
t 227 48
m 6 10
m 0 10
1 5 2
2 7 2
3 5 0
t 226 48
m 7 10
m 0 10
1 5 1
2 6 2
3 5 1
t 225 48
m 7 10
m 0 10
1 4 1
2 7 2
3 5 0
t 224 48
m 7 10
m 0 9
1 5 1
2 8 2
3 4 0
f 4 1
t 223 50
m 8 10
m 1 9
1 5 2
2 8 3
3 3 0
t 222 52
m 8 9
m 1 8
1 6 2
2 8 2
3 2 0
t 221 56
m 8 9
m 1 7
1 7 2
2 8 3
3 3 0
t 220 56
m 8 8
m 2 7
1 8 2
2 8 4
3 4 0
t 219 56
m 8 8
m 3 7
1 8 1
2 8 3
3 5 0
t 218 58
m 8 7
m 3 6
1 8 0
2 8 4
3 6 0
t 217 62
m 8 7
m 4 6
1 9 0
2 9 4
3 5 0
t 216 64
m 8 6
m 4 5
1 8 0
2 9 5
3 6 0
t 215 66
m 7 6
m 4 4
1 7 0
2 9 4
3 5 0
t 214 66
m 6 6
m 4 3
1 8 0
2 9 5
3 5 1
t 213 70
m 5 6
m 4 3
1 7 0
2 9 6
3 5 2
t 212 70
m 5 5
m 4 3
1 8 0
2 9 7
3 6 2
t 211 70
m 5 5
m 4 3
1 9 0
2 8 7
3 5 2
t 210 70
m 5 4
m 4 3
1 8 0
2 8 6
3 6 2
t 209 72
m 5 3
m 4 4
1 8 1
2 8 7
3 7 2
t 208 74
m 5 4
m 4 3
1 8 0
2 8 8
3 8 2
t 207 74
m 6 4
m 4 3
1 7 0
2 9 8
3 8 3
t 206 76
m 7 4
m 4 3
1 6 0
2 9 9
3 8 2
t 205 77
m 7 4
m 4 3
1 7 0
2 8 9
3 7 2
t 204 77
m 7 4
m 4 3
1 8 0
2 9 9
3 8 2
t 203 77
m 6 4
m 4 3
1 7 0
2 9 10
3 8 3
t 202 77
m 6 4
m 4 3
1 6 0
2 8 10
3 8 4
t 201 77
m 5 4
m 4 3
1 7 0
2 9 10
3 8 5
t 200 77
m 4 4
m 5 3
1 6 0
2 9 9
3 9 5
t 199 77
m 4 3
m 5 2
1 5 0
2 9 8
3 9 4
t 198 77
m 4 4
m 5 1
1 6 0
2 9 7
3 8 4
t 197 77
m 4 5
m 5 1
1 5 0
2 9 8
3 9 4
t 196 77
m 4 5
m 5 1
1 6 0
2 9 7
3 9 5
t 195 77
m 4 5
m 5 1
1 7 0
2 8 7
3 8 5
t 194 77
m 3 5
m 4 1
1 6 0
2 8 8
3 8 6
t 193 90
m 3 6
m 5 1
1 7 0
2 9 8
3 8 5
t 192 90
m 4 6
m 5 1
1 8 0
2 8 8
3 9 5
t 191 90
m 4 5
m 5 1
1 8 1
2 9 8
3 8 5
t 190 90
m 4 6
m 5 2
1 8 0
2 9 9
3 9 5
f 3 12
t 189 90
m 4 5
m 5 2
1 8 1
2 9 10
3 9 4
t 188 90
m 3 5
m 6 2
1 8 2
2 8 10
3 9 5
t 187 90
m 2 5
m 5 2
1 7 2
2 8 9
3 9 6
t 186 92
m 1 5
m 5 3
1 8 2
2 7 9
3 9 5
t 185 92
m 1 5
m 5 4
1 8 3
2 8 9
3 9 6
t 184 92
m 1 5
m 5 4
1 8 4
2 7 9
3 9 7
t 183 92
m 1 5
m 4 4
1 8 5
2 6 9
3 9 8
t 182 92
m 1 6
m 4 5
1 8 4
2 5 9
3 8 8
t 181 94
m 0 6
m 3 5
1 7 4
2 5 10
3 9 8
t 180 96
m 1 6
m 3 5
1 6 4
2 5 9
3 9 7
t 179 96
m 2 6
m 3 5
1 5 4
2 5 8
3 9 8
t 178 96
m 2 7
m 3 6
1 6 4
2 5 9
3 9 7
t 177 96
m 2 8
m 3 7
1 7 4
2 6 9
3 9 8
t 176 98
m 2 9
m 3 8
1 6 4
2 5 9
3 9 9
t 175 100
m 2 8
m 3 9
1 7 4
2 6 9
3 9 8
t 174 100
m 1 8
m 3 10
1 6 4
2 6 10
3 8 8
t 173 100
m 0 8
m 3 11
1 5 4
2 5 10
3 8 9
t 172 102
m 1 8
m 3 12
1 4 4
2 6 10
3 7 9
t 171 112
m 1 7
m 3 12
1 3 4
2 5 10
3 7 10
t 170 112
m 1 8
m 2 12
1 4 4
2 5 9
3 8 10
t 169 112
m 1 9
m 3 12
1 3 4
2 6 9
3 7 10
t 168 112
m 2 9
m 3 11
1 4 4
2 6 10
3 8 10
f 3 10
t 167 112
m 2 9
m 3 10
1 3 4
2 6 9
3 7 10
t 166 122
m 3 9
m 3 10
1 4 4
2 6 10
3 8 10
t 165 122
m 2 9
m 3 11
1 3 4
2 5 10
3 8 9
t 164 122
m 3 9
m 2 11
1 4 4
2 4 10
3 8 8
f 8 4
t 163 122
m 3 9
m 2 12
1 4 5
2 5 10
3 9 8
t 162 122
m 3 8
m 2 11
1 4 4
2 4 10
3 9 9
t 161 122
m 3 7
m 2 10
1 4 5
2 5 10
3 9 8
t 160 122
m 3 6
m 2 9
1 5 5
2 5 9
3 8 8
t 159 122
m 3 6
m 2 8
1 4 5
2 5 8
3 8 9
t 158 122
m 2 6
m 3 8
1 5 5
2 5 9
3 9 9
t 157 122
m 2 5
m 3 8
1 5 6
2 5 10
3 8 9
t 156 122
m 2 5
m 3 7
1 5 5
2 5 9
3 8 8
t 155 122
m 2 5
m 3 6
1 5 6
2 5 8
3 9 8
t 154 122
m 1 5
m 2 6
1 6 6
2 5 9
3 9 9
t 153 122
m 1 5
m 3 6
1 5 6
2 6 9
3 9 10
t 152 122
m 1 6
m 3 5
1 5 7
2 5 9
3 9 11
t 151 122
m 2 6
m 4 5
1 5 8
2 5 10
3 9 10
t 150 122
m 2 5
m 4 4
1 5 9
2 6 10
3 9 11
t 149 122
m 2 5
m 5 4
1 5 10
2 5 10
3 9 10
t 148 122
m 1 5
m 6 4
1 5 11
2 4 10
3 8 10
t 147 122
m 2 5
m 7 4
1 5 10
2 5 10
3 9 10
t 146 122
m 2 6
m 8 4
1 5 9
2 6 10
3 9 9
t 145 132
m 2 5
m 8 4
1 6 9
2 5 10
3 9 8
t 144 132
m 3 5
m 8 4
1 7 9
2 5 9
3 9 9
t 143 132
m 3 4
m 8 4
1 6 9
2 5 8
3 9 10
t 142 132
m 3 4
m 8 4
1 6 10
2 5 9
3 9 11
t 141 132
m 4 4
m 8 4
1 5 10
2 5 8
3 9 10
t 140 132
m 4 3
m 8 4
1 5 9
2 5 7
3 8 10
t 139 132
m 5 3
m 8 4
1 6 9
2 5 8
3 8 9
t 138 132
m 5 3
m 8 4
1 6 10
2 5 9
3 8 10
t 137 132
m 5 4
m 8 4
1 6 9
2 5 10
3 8 9
t 136 132
m 5 3
m 8 4
1 7 9
2 5 11
3 7 9
t 135 132
m 5 2
m 7 4
1 6 9
2 5 10
3 7 10
f 6 4
t 134 132
m 6 2
m 7 4
1 6 10
2 5 11
3 7 9
t 133 132
m 7 2
m 6 4
1 5 10
2 5 10
3 6 9
t 132 144
m 8 2
m 6 4
1 6 10
2 4 10
3 6 10
t 131 146
m 7 2
m 6 4
1 6 9
2 5 10
3 7 10
t 130 146
m 8 2
m 6 4
1 5 9
2 5 11
3 7 9
t 129 146
m 8 2
m 6 4
1 6 9
2 5 10
3 8 9
t 128 146
m 8 3
m 6 4
1 5 9
2 5 11
3 7 9
t 127 148
m 8 4
m 6 4
1 6 9
2 5 12
3 7 10
t 126 148
m 8 4
m 6 4
1 5 9
2 5 13
3 6 10
t 125 148
m 9 4
m 6 4
1 6 9
2 5 14
3 6 9
t 124 150
m 9 5
m 6 4
1 6 10
2 5 13
3 7 9
t 123 150
m 9 6
m 5 4
1 7 10
2 5 14
3 8 9
f 1 0
t 122 150
m 9 6
m 5 3
1 8 10
2 6 14
3 7 9
t 121 150
m 9 6
m 5 2
1 7 10
2 7 14
3 6 9
t 120 150
m 9 7
m 5 1
1 7 9
2 6 14
3 6 10
t 119 152
m 9 6
m 4 1
1 6 9
2 6 13
3 5 10
t 118 152
m 9 6
m 4 0
1 5 9
2 6 14
3 4 10
t 117 152
m 9 6
m 3 0
1 5 10
2 7 14
3 3 10
t 116 154
m 9 6
m 2 0
1 5 9
2 6 14
3 4 10
t 115 154
m 9 6
m 1 0
1 5 8
2 6 13
3 3 10
t 114 164
m 9 5
m 1 0
1 5 7
2 5 13
3 3 11
t 113 164
m 9 5
m 1 0
1 5 6
2 5 14
3 3 12
t 112 164
m 9 4
m 1 0
1 4 6
2 5 13
3 4 12
t 111 164
m 9 4
m 1 0
1 4 5
2 5 12
3 3 12
t 110 164
m 8 4
m 1 0
1 3 5
2 4 12
3 2 12
t 109 164
m 8 5
m 1 0
1 3 6
2 5 12
3 3 12
t 108 164
m 8 6
m 1 0
1 3 5
2 5 13
3 4 12
t 107 164
m 8 5
m 1 1
1 3 6
2 5 12
3 3 12
f 7 4
t 106 166
m 8 4
m 1 2
1 3 7
2 5 13
3 3 13
t 105 168
m 8 4
m 1 3
1 2 7
2 6 13
3 3 14
t 104 170
m 7 4
m 1 3
1 1 7
2 6 12
3 3 13
t 103 180
m 8 4
m 1 4
1 1 6
2 6 13
3 2 13
t 102 180
m 8 4
m 1 5
1 1 7
2 5 13
3 2 14
t 101 180
m 8 3
m 1 6
1 2 7
2 6 13
3 1 14
t 100 180
m 8 3
m 1 7
1 3 7
2 6 12
3 0 14
t 99 180
m 8 3
m 1 6
1 3 8
2 5 12
3 1 14
t 98 180
m 8 2
m 1 7
1 3 9
2 6 12
3 0 14
t 97 180
m 8 3
m 1 8
1 3 10
2 5 12
3 1 14
t 96 180
m 8 4
m 1 9
1 3 9
2 5 13
3 2 14
t 95 180
m 7 4
m 1 9
1 2 9
2 6 13
3 2 13
t 94 180
m 6 4
m 0 9
1 2 10
2 5 13
3 2 14
t 93 180
m 6 4
m 0 10
1 2 11
2 5 12
3 3 14
t 92 180
m 6 4
m 0 11
1 3 11
2 5 13
3 2 14
t 91 180
m 7 4
m 0 11
1 2 11
2 6 13
3 1 14
t 90 180
m 8 4
m 0 11
1 3 11
2 6 14
3 2 14
t 89 180
m 8 3
m 0 10
1 3 10
2 5 14
3 3 14
f 0 2
t 88 180
m 8 2
m 0 9
1 3 11
2 6 14
3 3 13
t 87 180
m 8 1
m 0 8
1 3 10
2 5 14
3 3 12
t 86 182
m 8 2
m 0 7
1 2 10
2 6 14
3 3 11
t 85 182
m 7 2
m 0 6
1 3 10
2 7 14
3 3 10
t 84 182
m 8 2
m 0 5
1 4 10
2 8 14
3 3 11
t 83 182
m 8 3
m 0 4
1 3 10
2 7 14
3 3 10
t 82 182
m 8 3
m 0 4
1 2 10
2 8 14
3 3 11
t 81 182
m 8 2
m 0 3
1 1 10
2 9 14
3 2 11
t 80 182
m 8 1
m 0 2
1 1 9
2 9 13
3 2 10
t 79 192
m 8 0
m 0 2
1 1 10
2 9 14
3 1 10
t 78 192
m 7 0
m 0 2
1 1 9
2 9 13
3 0 10
t 77 194
m 8 0
m 0 2
1 1 10
2 9 14
3 0 11
t 76 194
m 7 0
m 1 2
1 0 10
2 8 14
3 0 10
f 3 14
t 75 194
m 6 0
m 1 3
1 0 11
2 7 14
3 0 9
t 74 194
m 6 0
m 1 4
1 0 12
2 6 14
3 1 9
t 73 194
m 5 0
m 1 3
1 0 13
2 5 14
3 2 9
t 72 194
m 4 0
m 1 4
1 0 14
2 6 14
3 2 10
t 71 194
m 3 0
m 1 5
1 0 13
2 5 14
3 3 10
t 70 194
m 3 0
m 2 5
1 0 12
2 6 14
3 2 10
t 69 194
m 3 0
m 2 6
1 0 13
2 5 14
3 1 10
t 68 194
m 3 0
m 2 7
1 0 14
2 5 13
3 0 10
t 67 194
m 2 0
m 1 7
1 0 13
2 6 13
3 0 11
t 66 194
m 3 0
m 1 8
1 0 12
2 5 13
3 0 12
t 65 194
m 3 0
m 1 9
1 0 13
2 5 14
3 0 11
t 64 194
m 3 0
m 1 10
1 0 12
2 4 14
3 0 12
t 63 194
m 4 0
m 2 10
1 0 13
2 5 14
3 0 11
t 62 194
m 3 0
m 2 11
1 0 12
2 5 13
3 0 10
t 61 194
m 3 0
m 2 12
1 0 11
2 6 13
3 0 9
t 60 194
m 3 0
m 2 13
1 0 10
2 6 14
3 0 10
t 59 194
m 2 0
m 3 13
1 1 10
2 5 14
3 0 9
t 58 194
m 1 0
m 3 14
1 0 10
2 4 14
3 1 9
t 57 204
m 1 1
m 4 14
1 1 10
2 5 14
3 0 9
t 56 204
m 1 0
m 4 14
1 2 10
2 6 14
3 0 8
t 55 204
m 1 0
m 4 14
1 3 10
2 7 14
3 1 8
t 54 204
m 1 1
m 5 14
1 3 11
2 8 14
3 0 8
t 53 204
m 0 1
m 6 14
1 2 11
2 9 14
3 0 7
t 52 204
m 0 0
m 7 14
1 3 11
2 9 13
3 1 7
t 51 206
m 0 1
m 7 14
1 2 11
2 9 14
3 1 8
t 50 206
m 0 2
m 7 14
1 2 10
2 9 13
3 0 8
t 49 206
m 0 1
m 7 14
1 1 10
2 9 14
3 0 7
t 48 206
m 1 1
m 8 14
1 2 10
2 8 14
3 1 7
t 47 206
m 0 1
m 8 14
1 1 10
2 7 14
3 0 7
t 46 206
m 0 0
m 8 14
1 0 10
2 8 14
3 0 8
t 45 206
m 0 0
m 8 14
1 0 9
2 7 14
3 1 8
t 44 206
m 0 0
m 8 14
1 0 8
2 6 14
3 1 7
t 43 206
m 1 0
m 8 14
1 0 7
2 6 13
3 0 7
t 42 206
m 1 1
m 8 14
1 1 7
2 6 12
3 0 6
t 41 206
m 1 1
m 8 14
1 1 8
2 6 13
3 0 7
t 40 206
m 1 2
m 8 14
1 0 8
2 5 13
3 1 7
t 39 206
m 0 2
m 8 14
1 1 8
2 5 12
3 1 6
t 38 206
m 1 2
m 8 14
1 1 9
2 4 12
3 2 6
t 37 206
m 0 2
m 8 14
1 1 10
2 3 12
3 1 6
t 36 206
m 0 3
m 8 14
1 2 10
2 2 12
3 0 6
t 35 206
m 0 2
m 8 14
1 2 11
2 2 13
3 0 5
t 34 206
m 0 1
m 8 14
1 3 11
2 2 14
3 1 5
t 33 206
m 0 1
m 8 14
1 3 12
2 2 13
3 1 6
t 32 206
m 0 0
m 8 14
1 3 13
2 2 14
3 1 5
t 31 206
m 0 0
m 8 14
1 3 12
2 3 14
3 2 5
t 30 206
m 0 0
m 8 14
1 3 11
2 2 14
3 1 5
t 29 206
m 0 1
m 8 14
1 3 10
2 3 14
3 0 5
t 28 206
m 0 2
m 8 14
1 4 10
2 4 14
3 0 4
t 27 206
m 0 2
m 8 14
1 5 10
2 3 14
3 0 3
t 26 206
m 0 2
m 8 14
1 5 9
2 4 14
3 1 3
t 25 206
m 0 1
m 8 14
1 5 10
2 3 14
3 0 3
t 24 206
m 1 1
m 8 14
1 6 10
2 2 14
3 0 2
t 23 206
m 1 0
m 8 14
1 6 9
2 3 14
3 0 3
t 22 206
m 1 0
m 8 14
1 5 9
2 2 14
3 1 3
t 21 206
m 1 0
m 8 14
1 5 8
2 2 13
3 1 4
t 20 206
m 1 1
m 8 14
1 5 9
2 2 12
3 0 4
t 19 206
m 1 2
m 8 14
1 5 10
2 2 13
3 0 5
t 18 206
m 0 2
m 8 14
1 5 9
2 2 14
3 0 4
t 17 206
m 0 2
m 8 14
1 5 8
2 3 14
3 0 5
t 16 206
m 1 2
m 8 14
1 5 7
2 4 14
3 1 5
t 15 206
m 1 3
m 8 14
1 5 6
2 5 14
3 0 5
t 14 206
m 1 4
m 8 14
1 6 6
2 6 14
3 0 6
t 13 206
m 1 4
m 8 14
1 5 6
2 5 14
3 0 7
t 12 206
m 1 4
m 8 14
1 4 6
2 5 13
3 0 8
t 11 206
m 1 4
m 8 14
1 4 5
2 5 14
3 0 9
t 10 206
m 1 3
m 8 14
1 3 5
2 4 14
3 0 10
t 9 206
m 0 3
m 8 14
1 3 4
2 5 14
3 0 9
t 8 206
m 0 3
m 8 14
1 4 4
2 5 13
3 1 9
t 7 206
m 0 4
m 8 14
1 4 3
2 5 14
3 1 8
t 6 206
m 0 4
m 8 14
1 5 3
2 4 14
3 1 7
t 5 206
m 1 4
m 8 14
1 5 4
2 3 14
3 1 8
t 4 206
m 0 4
m 8 14
1 6 4
2 3 13
3 2 8
t 3 206
m 1 4
m 8 14
1 7 4
2 2 13
3 3 8
t 2 206
m 1 4
m 8 14
1 8 4
2 3 13
3 3 9
t 1 206
m 1 3
m 8 14
1 9 4
2 3 12
3 3 8
t 0 206
