10
15
m 0 14
m 0 14
w 9 12
w 9 13
w 9 14
w 6 1
w 6 3
w 6 4
w 3 1
w 3 2
w 3 9
w 3 10
w 3 11
w 7 1
w 7 3
w 7 4
w 7 12
w 7 13
w 7 14
w 4 4
w 4 5
w 4 13
w 1 3
w 1 4
w 1 9
w 1 10
w 1 11
w 1 12
w 8 2
w 8 3
w 8 4
w 8 7
w 8 8
w 8 12
w 8 13
w 8 14
w 2 6
w 2 7
1 9 0
2 9 0
3 9 0
p 7 0
p 7 2
p 7 5
p 3 6
p 3 7
p 3 8
p 7 7
p 7 8
p 7 11
p 3 12
p 3 13
p 3 14
p 5 6
p 0 0
p 4 1
p 0 2
p 4 2
p 4 3
p 0 5
p 0 6
p 0 7
p 4 6
p 4 7
p 4 8
p 4 9
p 4 11
p 8 5
p 8 11
p 5 0
p 1 1
p 5 1
p 5 3
p 5 4
p 9 5
p 9 6
p 9 7
p 1 5
p 9 9
p 9 10
p 9 11
p 1 6
p 1 8
p 1 13
p 1 14
p 5 9
p 5 10
p 5 13
p 2 0
p 2 1
p 6 2
p 2 2
p 6 5
p 6 6
p 6 7
p 2 5
p 6 9
p 6 11
p 6 12
p 6 13
p 2 11
p 2 13
p 8 0
t 300 0
m 1 14
1 9 1
2 9 1
3 8 0
f 2 12
t 299 1
m 1 13
1 8 1
2 9 2
3 9 0
t 298 3
m 2 13
1 9 1
2 9 1
3 8 0
t 297 4
m 2 12
1 9 0
2 8 1
3 7 0
t 296 14
m 2 11
1 9 1
2 8 0
3 8 0
t 295 16
m 2 11
1 8 1
2 9 0
3 7 0
t 294 16
m 2 12
1 8 0
2 9 1
3 6 0
f 0 9
t 293 16
m 3 12
1 8 1
2 9 2
3 7 0
t 292 18
m 3 13
1 9 1
2 9 3
3 8 0
t 291 19
m 3 14
1 9 2
2 9 4
3 9 0
t 290 21
m 3 13
1 9 1
2 9 3
3 8 0
t 289 21
m 3 13
1 9 2
2 9 2
3 7 0
t 288 21
m 2 13
1 9 1
2 9 1
3 6 0
t 287 21
m 3 13
1 8 1
2 9 2
3 5 0
t 286 21
m 3 13
1 8 0
2 9 3
3 5 1
t 285 21
m 2 13
1 8 1
2 9 4
3 4 1
t 284 21
m 2 12
1 8 0
2 9 3
3 4 0
t 283 21
m 3 12
1 7 0
2 9 4
3 5 0
t 282 21
m 4 12
1 6 0
2 9 5
3 4 0
t 281 21
m 4 11
1 5 0
2 8 5
3 4 1
t 280 22
m 4 10
1 6 0
2 9 5
3 4 2
t 279 22
m 4 9
1 5 0
2 9 6
3 4 3
t 278 24
m 4 8
1 6 0
2 9 7
3 3 3
t 277 26
m 4 7
1 7 0
2 9 6
3 4 3
t 276 27
m 4 6
1 8 0
2 9 7
3 5 3
t 275 29
m 3 6
1 8 1
2 9 6
3 5 2
t 274 30
m 3 7
1 8 0
2 8 6
3 5 3
t 273 32
m 3 8
1 8 1
2 9 6
3 5 4
t 272 34
m 2 8
1 9 1
2 9 7
3 5 5
t 271 34
m 1 8
1 9 2
2 9 6
3 5 6
t 270 35
m 0 8
1 9 3
2 9 7
3 6 6
t 269 35
m 0 9
1 9 4
2 9 6
3 6 5
t 268 45
m 0 9
1 9 3
2 9 5
3 7 5
t 267 45
m 0 9
1 9 2
2 9 4
3 8 5
t 266 45
m 0 9
1 9 1
2 9 5
3 7 5
t 265 45
m 0 9
1 9 2
2 9 4
3 7 6
f 1 8
t 264 45
m 0 8
1 9 1
2 9 3
3 7 7
t 263 45
m 1 8
1 9 2
2 9 4
3 6 7
t 262 55
m 1 8
1 9 1
2 9 3
3 5 7
t 261 55
m 1 8
1 9 2
2 9 2
3 4 7
t 260 55
m 1 8
1 9 3
2 9 3
3 3 7
t 259 55
m 1 8
1 9 4
2 9 2
3 3 8
t 258 55
m 1 8
1 9 5
2 9 1
3 3 7
t 257 55
m 1 8
1 9 4
2 8 1
3 4 7
t 256 55
m 1 8
1 9 5
2 9 1
3 5 7
t 255 55
m 1 8
1 9 6
2 8 1
3 4 7
t 254 55
m 1 8
1 9 5
2 9 1
3 5 7
t 253 55
m 1 8
1 9 6
2 8 1
3 6 7
t 252 55
m 1 8
1 9 5
2 8 0
3 6 8
t 251 55
m 1 8
1 9 6
2 8 1
3 6 7
t 250 55
m 1 8
1 9 7
2 9 1
3 5 7
t 249 55
m 1 8
1 9 6
2 8 1
3 6 7
t 248 55
m 1 8
1 9 7
2 8 0
3 6 8
t 247 55
m 1 8
1 9 8
2 7 0
3 7 8
t 246 55
m 1 8
1 9 9
2 8 0
3 6 8
t 245 55
m 1 8
1 9 10
2 9 0
3 6 9
t 244 55
m 1 8
1 8 10
2 9 1
3 7 9
t 243 55
m 1 8
1 8 11
2 8 1
3 7 10
t 242 55
m 1 8
1 9 11
2 8 0
3 7 9
t 241 55
m 1 8
1 9 10
2 9 0
3 7 8
t 240 55
m 1 8
1 9 11
2 9 1
3 6 8
t 239 55
m 1 8
1 8 11
2 9 0
3 5 8
t 238 55
m 1 8
1 7 11
2 8 0
3 5 7
t 237 55
m 1 8
1 7 10
2 8 1
3 6 7
t 236 55
m 1 8
1 8 10
2 9 1
3 6 8
t 235 55
m 1 8
1 8 11
2 9 0
3 6 7
t 234 55
m 0 8
1 7 11
2 9 1
3 6 6
f 7 6
t 233 55
m 0 7
1 7 10
2 9 2
3 6 7
t 232 57
m 0 6
1 8 10
2 9 3
3 5 7
t 231 59
m 0 5
1 9 10
2 9 4
3 5 6
t 230 60
m 1 5
1 8 10
2 9 5
3 4 6
t 229 62
m 1 6
1 8 9
2 9 6
3 4 7
t 228 63
m 1 5
1 8 10
2 8 6
3 5 7
t 227 63
m 2 5
1 9 10
2 7 6
3 6 7
t 226 65
m 3 5
1 8 10
2 6 6
3 5 7
t 225 65
m 3 4
1 8 11
2 6 5
3 5 8
t 224 65
m 2 4
1 9 11
2 5 5
3 5 9
t 223 65
m 2 3
1 9 10
2 6 5
3 5 8
t 222 65
m 2 2
1 9 11
2 5 5
3 5 9
t 221 67
m 2 1
1 9 10
2 6 5
3 6 9
t 220 68
m 2 0
1 9 9
2 7 5
3 6 10
t 219 70
m 2 1
1 9 8
2 8 5
3 6 11
t 218 70
m 1 1
1 9 7
2 8 6
3 7 11
t 217 71
m 1 0
1 9 6
2 9 6
3 7 10
t 216 71
m 0 0
1 8 6
2 8 6
3 7 11
t 215 73
m 0 1
1 8 5
2 7 6
3 8 11
t 214 73
m 0 2
1 9 5
2 7 7
3 7 11
t 213 75
m 0 1
1 9 4
2 7 6
3 7 10
t 212 75
m 0 2
1 9 3
2 7 5
3 8 10
t 211 75
m 1 2
1 9 4
2 7 6
3 8 11
t 210 75
m 1 1
1 9 5
2 7 7
3 9 11
t 209 75
m 2 1
1 8 5
2 7 8
3 8 11
t 208 75
m 2 1
1 8 6
2 7 7
3 9 11
t 207 75
m 2 2
1 9 6
2 6 7
3 9 10
t 206 75
m 2 1
1 8 6
2 6 6
3 8 10
t 205 75
m 2 1
1 9 6
2 5 6
3 8 11
t 204 75
m 2 1
1 9 5
2 5 7
3 7 11
t 203 75
m 2 2
1 8 5
2 5 6
3 7 10
t 202 75
m 2 1
1 9 5
2 5 7
3 7 9
t 201 75
m 2 1
1 8 5
2 6 7
3 7 8
t 200 75
m 2 0
1 8 6
2 6 8
3 7 9
t 199 75
m 3 0
1 9 6
2 5 8
3 7 10
t 198 75
m 3 0
1 9 7
2 4 8
3 7 9
t 197 75
m 4 0
1 9 8
2 4 7
3 8 9
t 196 75
m 4 1
1 9 7
2 5 7
3 9 9
t 195 76
m 4 2
1 9 8
2 6 7
3 8 9
t 194 78
m 4 3
1 9 9
2 5 7
3 7 9
t 193 80
m 5 3
1 9 10
2 5 6
3 7 8
t 192 81
m 5 4
1 9 11
2 6 6
3 7 9
t 191 83
m 5 3
1 8 11
2 5 6
3 7 10
t 190 83
m 5 3
1 8 10
2 4 6
3 6 10
t 189 83
m 5 2
1 7 10
2 4 7
3 5 10
t 188 83
m 5 1
1 7 9
2 5 7
3 4 10
t 187 84
m 5 0
1 7 10
2 5 6
3 5 10
t 186 86
m 6 0
1 7 11
2 5 5
3 6 10
t 185 86
m 7 0
1 6 11
2 6 5
3 6 11
t 184 88
m 8 0
1 7 11
2 5 5
3 7 11
t 183 89
m 8 1
1 7 10
2 5 4
3 6 11
t 182 89
m 8 0
1 8 10
2 5 3
3 5 11
t 181 89
m 9 0
1 9 10
2 5 4
3 5 10
t 180 89
m 9 1
1 9 11
2 5 3
3 5 11
t 179 89
m 9 0
1 9 10
2 5 2
3 6 11
t 178 89
m 8 0
1 9 11
2 6 2
3 6 10
t 177 89
m 8 1
1 8 11
2 5 2
3 6 9
t 176 89
m 8 0
1 8 10
2 5 3
3 6 8
t 175 89
m 8 1
1 9 10
2 4 3
3 7 8
t 174 89
m 9 1
1 9 9
2 3 3
3 7 7
t 173 89
m 9 2
1 9 8
2 4 3
3 7 8
t 172 89
m 9 1
1 9 9
2 3 3
3 7 7
t 171 89
m 9 1
1 9 8
2 4 3
3 7 6
t 170 89
m 8 1
1 9 9
2 4 2
3 7 7
t 169 89
m 8 1
1 8 9
2 5 2
3 7 6
t 168 89
m 9 1
1 8 10
2 5 3
3 6 6
t 167 89
m 8 1
1 8 9
2 5 2
3 5 6
t 166 89
m 8 0
1 7 9
2 5 1
3 4 6
t 165 89
m 7 0
1 8 9
2 4 1
3 5 6
t 164 89
m 6 0
1 8 10
2 4 0
3 6 6
t 163 89
m 7 0
1 8 9
2 4 1
3 7 6
t 162 89
m 8 0
1 9 9
2 5 1
3 7 7
t 161 89
m 8 1
1 9 8
2 4 1
3 7 8
t 160 89
m 8 1
1 9 9
2 4 2
3 6 8
t 159 89
m 8 1
1 9 10
2 4 3
3 6 7
t 158 89
m 8 1
1 9 11
2 4 2
3 6 6
t 157 89
m 8 1
1 9 10
2 5 2
3 5 6
t 156 89
m 8 0
1 9 11
2 5 1
3 5 5
t 155 89
m 8 1
1 9 10
2 5 0
3 5 4
t 154 89
m 8 1
1 9 11
2 5 1
3 5 5
t 153 89
m 8 1
1 9 10
2 5 2
3 6 5
t 152 89
m 9 1
1 8 10
2 4 2
3 7 5
t 151 89
m 8 1
1 8 9
2 4 1
3 7 6
t 150 89
m 8 0
1 7 9
2 4 2
3 8 6
t 149 89
m 7 0
1 7 8
2 4 1
3 7 6
t 148 89
m 8 0
1 7 7
2 5 1
3 8 6
t 147 89
m 7 0
1 7 8
2 4 1
3 7 6
t 146 89
m 7 0
1 7 9
2 5 1
3 8 6
t 145 89
m 7 0
1 7 8
2 4 1
3 7 6
t 144 89
m 7 0
1 7 9
2 4 0
3 8 6
t 143 89
m 7 0
1 6 9
2 3 0
3 9 6
t 142 89
m 6 0
1 6 10
2 2 0
3 9 7
t 141 89
m 7 0
1 6 11
2 3 0
3 9 6
t 140 89
m 7 0
1 6 12
2 2 0
3 9 5
t 139 89
m 6 0
1 5 12
2 2 1
3 8 5
t 138 89
m 5 0
1 4 12
2 2 0
3 8 6
t 137 89
m 6 0
1 3 12
2 2 1
3 7 6
t 136 89
m 6 0
1 2 12
2 1 1
3 8 6
t 135 89
m 7 0
1 2 11
2 2 1
3 7 6
t 134 89
m 7 0
1 2 10
2 2 0
3 7 7
t 133 89
m 8 0
1 2 11
2 2 1
3 7 6
t 132 89
m 7 0
1 2 12
2 1 1
3 7 7
t 131 89
m 7 0
1 3 12
2 1 2
3 7 6
t 130 89
m 7 0
1 3 13
2 2 2
3 7 5
t 129 89
m 7 0
1 3 14
2 1 2
3 6 5
t 128 89
m 8 0
1 3 13
2 0 2
3 5 5
t 127 89
m 7 0
1 2 13
2 0 3
3 6 5
t 126 89
m 7 0
1 1 13
2 0 4
3 7 5
t 125 89
m 6 0
1 1 14
2 0 5
3 7 6
t 124 89
m 7 0
1 1 13
2 0 4
3 6 6
t 123 89
m 6 0
1 2 13
2 0 3
3 6 5
t 122 89
m 6 0
1 2 14
2 0 2
3 6 6
t 121 89
m 7 0
1 3 14
2 1 2
3 7 6
t 120 89
m 7 0
1 2 14
2 1 1
3 7 5
t 119 89
m 6 0
1 2 13
2 1 0
3 7 6
t 118 89
m 5 0
1 1 13
2 2 0
3 7 5
t 117 89
m 6 0
1 2 13
2 1 0
3 8 5
t 116 89
m 7 0
1 1 13
2 2 0
3 7 5
t 115 89
m 6 0
1 1 14
2 1 0
3 7 6
t 114 89
m 5 0
1 1 13
2 2 0
3 8 6
t 113 89
m 5 1
1 2 13
2 1 0
3 9 6
t 112 89
m 5 2
1 3 13
2 2 0
3 9 5
t 111 89
m 6 2
1 3 14
2 1 0
3 8 5
t 110 91
m 7 2
1 4 14
2 1 1
3 9 5
t 109 92
m 6 2
1 5 14
2 2 1
3 9 6
t 108 92
m 7 2
1 5 13
2 1 1
3 8 6
t 107 92
m 6 2
1 6 13
2 1 0
3 9 6
t 106 92
m 6 2
1 6 14
2 1 1
3 8 6
t 105 92
m 5 2
1 6 13
2 0 1
3 7 6
t 104 92
m 5 3
1 6 14
2 0 2
3 7 7
t 103 92
m 5 3
1 6 13
2 0 3
3 6 7
t 102 92
m 5 3
1 6 12
2 0 4
3 5 7
t 101 92
m 4 3
1 6 11
2 0 5
3 5 6
t 100 92
m 4 2
1 5 11
2 0 6
3 6 6
t 99 92
m 5 2
1 5 10
2 1 6
3 7 6
t 98 92
m 6 2
1 6 10
2 0 6
3 7 7
t 97 92
m 6 2
1 6 11
2 0 7
3 7 6
t 96 92
m 6 2
1 5 11
2 0 6
3 7 5
t 95 92
m 6 2
1 6 11
2 1 6
3 7 6
t 94 92
m 7 2
1 6 10
2 0 6
3 7 7
t 93 92
m 7 2
1 7 10
2 0 5
3 7 6
t 92 92
m 6 2
1 8 10
2 0 6
3 7 5
t 91 92
m 6 2
1 8 9
2 1 6
3 7 6
t 90 92
m 7 2
1 9 9
2 0 6
3 8 6
t 89 92
m 7 2
1 9 10
2 1 6
3 9 6
t 88 92
m 7 2
1 9 9
2 0 6
3 9 7
t 87 92
m 7 2
1 8 9
2 0 7
3 9 6
t 86 92
m 6 2
1 8 10
2 0 8
3 8 6
t 85 92
m 6 2
1 8 9
2 0 9
3 8 5
t 84 92
m 6 2
1 7 9
2 0 10
3 9 5
t 83 92
m 7 2
1 7 8
2 0 11
3 9 4
t 82 92
m 6 2
1 7 7
2 0 10
3 9 3
t 81 92
m 6 2
1 7 6
2 0 9
3 9 2
t 80 92
m 6 2
1 7 7
2 0 8
3 9 1
t 79 92
m 5 2
1 7 6
2 0 9
3 9 2
t 78 92
m 6 2
1 8 6
2 0 8
3 9 3
t 77 92
m 7 2
1 9 6
2 0 9
3 9 2
t 76 92
m 7 2
1 9 7
2 0 10
3 9 1
t 75 92
m 6 2
1 9 6
2 0 9
3 9 0
t 74 92
m 6 2
1 8 6
2 0 10
3 9 1
t 73 92
m 6 2
1 8 5
2 0 9
3 8 1
t 72 92
m 6 2
1 7 5
2 0 10
3 9 1
t 71 92
m 5 2
1 8 5
2 0 11
3 9 0
t 70 92
m 5 3
1 9 5
2 0 10
3 8 0
t 69 92
m 5 3
1 8 5
2 0 9
3 7 0
t 68 92
m 5 4
1 9 5
2 0 8
3 6 0
t 67 92
m 5 5
1 8 5
2 0 7
3 7 0
t 66 92
m 5 6
1 8 6
2 0 8
3 8 0
t 65 94
m 6 6
1 8 5
2 1 8
3 8 1
t 64 96
m 7 6
1 9 5
2 0 8
3 8 0
t 63 106
m 7 7
1 8 5
2 1 8
3 8 1
t 62 107
m 7 8
1 8 6
2 2 8
3 8 0
t 61 109
m 7 8
1 9 6
2 3 8
3 9 0
t 60 109
m 7 8
1 9 5
2 3 7
3 9 1
t 59 109
m 7 8
1 8 5
2 3 8
3 8 1
t 58 109
m 7 8
1 9 5
2 2 8
3 9 1
t 57 109
m 7 8
1 8 5
2 1 8
3 8 1
t 56 109
m 7 8
1 7 5
2 0 8
3 9 1
t 55 109
m 7 8
1 7 6
2 0 7
3 8 1
t 54 109
m 7 8
1 6 6
2 1 7
3 9 1
t 53 109
m 7 8
1 6 5
2 0 7
3 9 0
t 52 109
m 7 8
1 7 5
2 1 7
3 8 0
t 51 109
m 7 8
1 7 6
2 1 8
3 7 0
t 50 109
m 7 8
1 8 6
2 1 7
3 6 0
t 49 109
m 7 8
1 7 6
2 0 7
3 7 0
t 48 109
m 7 8
1 7 5
2 0 8
3 8 0
t 47 109
m 7 8
1 6 5
2 0 9
3 9 0
t 46 109
m 7 8
1 5 5
2 0 8
3 8 0
t 45 109
m 7 8
1 5 6
2 1 8
3 7 0
t 44 109
m 7 8
1 4 6
2 2 8
3 8 0
t 43 109
m 7 8
1 5 6
2 3 8
3 8 1
t 42 109
m 6 8
1 5 7
2 4 8
3 9 1
t 41 119
m 6 9
1 4 7
2 5 8
3 8 1
t 40 120
m 5 9
1 5 7
2 6 8
3 9 1
t 39 122
m 5 10
1 4 7
2 6 7
3 9 0
t 38 124
m 5 10
1 3 7
2 5 7
3 9 1
t 37 124
m 5 10
1 3 8
2 6 7
3 9 2
t 36 124
m 5 10
1 2 8
2 7 7
3 9 1
t 35 124
m 6 10
1 1 8
2 7 6
3 9 0
f 4 11
t 34 124
m 6 11
1 2 8
2 7 5
3 9 1
t 33 125
m 6 12
1 1 8
2 8 5
3 8 1
t 32 127
m 6 13
1 1 7
2 7 5
3 9 1
t 31 129
m 5 13
1 1 8
2 7 6
3 9 2
t 30 130
m 5 12
1 0 8
2 8 6
3 9 1
t 29 130
m 5 11
1 0 7
2 8 5
3 8 1
t 28 130
m 4 11
1 0 6
2 7 5
3 9 1
t 27 140
m 4 11
1 0 5
2 7 6
3 9 0
t 26 140
m 4 11
1 0 4
2 7 5
3 8 0
t 25 140
m 4 11
1 0 3
2 6 5
3 8 1
t 24 140
m 4 11
1 0 2
2 6 6
3 8 0
t 23 140
m 4 11
1 0 3
2 6 5
3 8 1
t 22 140
m 4 11
1 0 2
2 7 5
3 8 0
t 21 140
m 4 11
1 1 2
2 8 5
3 9 0
t 20 140
m 4 11
1 1 1
2 8 6
3 9 1
t 19 140
m 5 11
1 1 2
2 7 6
3 8 1
f 1 1
t 18 140
m 4 11
1 2 2
2 8 6
3 9 1
t 17 140
m 5 11
1 2 3
2 8 5
3 8 1
t 16 140
m 6 11
1 2 2
2 9 5
3 8 0
t 15 140
m 7 11
1 2 1
2 9 6
3 8 1
t 14 142
m 8 11
1 1 1
2 8 6
3 9 1
t 13 143
m 9 11
1 2 1
2 7 6
3 8 1
t 12 145
m 9 10
1 2 0
2 7 7
3 9 1
t 11 147
m 9 9
1 1 0
2 6 7
3 9 2
t 10 148
m 9 9
1 2 0
2 6 6
3 9 3
t 9 148
m 9 9
1 3 0
2 6 7
3 9 2
t 8 148
m 9 8
1 4 0
2 6 6
3 9 1
t 7 148
m 9 7
1 3 0
2 7 6
3 8 1
t 6 150
m 9 6
1 4 0
2 6 6
3 9 1
t 5 151
m 9 5
1 5 0
2 5 6
3 8 1
t 4 153
m 8 5
1 4 0
2 5 5
3 9 1
t 3 155
m 7 5
1 3 0
2 5 6
3 8 1
t 2 156
m 6 5
1 4 0
2 6 6
3 9 1
t 1 158
m 6 6
1 3 0
2 6 5
3 9 2
t 0 158
