10
15
m 0 14
w 6 1
w 6 2
w 6 7
w 6 10
w 6 11
w 6 12
w 6 13
w 6 14
w 3 11
w 3 12
w 3 13
w 3 14
w 4 2
w 4 3
w 1 12
w 1 13
w 1 14
w 8 3
w 8 4
w 5 1
w 5 2
w 5 3
w 5 7
w 5 9
w 5 11
w 5 12
w 5 13
w 5 14
w 2 1
w 2 3
w 2 4
w 2 5
w 2 6
w 2 7
1 9 0
2 9 0
3 9 0
p 3 0
p 3 1
p 7 0
p 3 3
p 3 4
p 7 4
p 3 6
p 3 8
p 8 2
p 7 11
p 5 8
p 7 14
p 8 7
p 8 5
p 8 6
p 5 6
p 0 0
p 0 1
p 4 1
p 0 3
p 0 4
p 0 5
p 0 6
p 4 4
p 0 8
p 0 9
p 0 10
p 4 5
p 0 12
p 0 13
p 4 6
p 4 7
p 4 9
p 4 11
p 8 9
p 8 10
p 8 12
p 1 0
p 9 2
p 9 3
p 9 4
p 9 5
p 9 6
p 1 4
p 9 8
p 1 5
p 9 10
p 9 11
p 9 12
p 9 13
p 9 14
p 1 7
p 1 8
p 1 10
p 6 0
p 2 0
p 6 3
p 6 4
p 6 8
p 6 9
p 2 9
p 2 10
p 2 12
p 2 13
p 2 14
p 8 0
t 300 0
m 0 14
1 8 0
2 8 0
3 8 0
t 299 0
m 0 14
1 7 0
2 8 1
3 8 1
t 298 0
m 0 14
1 6 0
2 8 2
3 8 0
t 297 0
m 0 14
1 5 0
2 7 2
3 9 0
t 296 0
m 0 14
1 4 0
2 7 3
3 8 0
t 295 0
m 0 14
1 4 1
2 7 4
3 9 0
t 294 0
m 0 14
1 3 1
2 6 4
3 8 0
t 293 0
m 0 14
1 4 1
2 5 4
3 7 0
t 292 0
m 0 14
1 3 1
2 5 5
3 7 1
t 291 0
m 0 14
1 3 2
2 5 6
3 7 0
t 290 0
m 0 14
1 3 1
2 5 5
3 8 0
f 4 10
t 289 0
m 0 13
1 4 1
2 5 4
3 7 0
t 288 1
m 0 12
1 4 0
2 6 4
3 8 0
t 287 3
m 0 11
1 5 0
2 6 3
3 8 1
t 286 3
m 0 10
1 6 0
2 7 3
3 7 1
t 285 4
m 1 10
1 7 0
2 7 2
3 7 0
t 284 6
m 0 10
1 8 0
2 8 2
3 6 0
t 283 6
m 0 9
1 8 1
2 9 2
3 7 0
t 282 7
m 0 8
1 8 0
2 8 2
3 6 0
t 281 9
m 1 8
1 9 0
2 7 2
3 5 0
t 280 10
m 1 7
1 9 1
2 8 2
3 6 0
t 279 12
m 1 7
1 9 2
2 9 2
3 5 0
t 278 12
m 1 6
1 8 2
2 8 2
3 4 0
t 277 12
m 1 6
1 7 2
2 7 2
3 5 0
t 276 12
m 1 6
1 7 3
2 8 2
3 6 0
t 275 12
m 1 6
1 7 2
2 7 2
3 5 0
t 274 12
m 1 7
1 8 2
2 7 1
3 4 0
t 273 12
m 1 8
1 7 2
2 7 2
3 4 1
t 272 12
m 1 9
1 8 2
2 7 3
3 3 1
t 271 12
m 1 10
1 7 2
2 7 4
3 3 0
t 270 12
m 1 10
1 7 3
2 7 5
3 4 0
t 269 12
m 1 9
1 6 3
2 6 5
3 4 1
t 268 12
m 1 9
1 6 4
2 6 6
3 3 1
t 267 12
m 1 10
1 7 4
2 7 6
3 3 0
t 266 12
m 1 9
1 7 3
2 8 6
3 2 0
t 265 12
m 2 9
1 7 4
2 8 5
3 1 0
t 264 13
m 2 9
1 7 3
2 8 6
3 2 0
t 263 13
m 2 10
1 6 3
2 8 7
3 3 0
t 262 15
m 3 10
1 6 4
2 8 6
3 3 1
t 261 15
m 3 10
1 6 3
2 7 6
3 3 2
t 260 15
m 3 9
1 6 4
2 8 6
3 3 1
t 259 15
m 3 10
1 6 3
2 8 7
3 3 2
t 258 15
m 3 10
1 6 4
2 8 6
3 3 3
t 257 15
m 4 10
1 5 4
2 8 5
3 3 2
t 256 25
m 4 9
1 5 5
2 8 6
3 3 3
t 255 26
m 4 9
1 4 5
2 7 6
3 3 2
t 254 26
m 3 9
1 4 4
2 7 7
3 2 2
f 2 8
t 253 26
m 2 9
1 5 4
2 8 7
3 1 2
t 252 26
m 2 8
1 5 5
2 8 6
3 1 1
t 251 36
m 2 8
1 5 6
2 8 7
3 1 2
t 250 36
m 2 8
1 6 6
2 8 8
3 1 3
t 249 36
m 2 8
1 7 6
2 8 9
3 1 4
t 248 36
m 2 8
1 7 7
2 9 9
3 0 4
t 247 36
m 2 8
1 7 6
2 8 9
3 1 4
t 246 36
m 2 8
1 6 6
2 8 10
3 1 3
t 245 36
m 2 8
1 5 6
2 8 11
3 1 2
t 244 36
m 2 8
1 4 6
2 9 11
3 1 1
t 243 36
m 2 8
1 4 5
2 9 10
3 1 0
t 242 36
m 2 9
1 3 5
2 8 10
3 2 0
f 0 9
t 241 36
m 1 9
1 4 5
2 7 10
3 3 0
t 240 36
m 0 9
1 4 4
2 7 9
3 4 0
t 239 46
m 0 8
1 3 4
2 7 8
3 3 0
t 238 46
m 0 8
1 3 3
2 7 7
3 2 0
t 237 46
m 0 7
1 3 4
2 7 8
3 3 0
t 236 46
m 0 6
1 3 3
2 8 8
3 4 0
t 235 48
m 0 5
1 3 2
2 8 7
3 3 0
t 234 49
m 0 4
1 3 1
2 7 7
3 4 0
t 233 51
m 1 4
1 4 1
2 8 7
3 4 1
t 232 52
m 1 5
1 4 0
2 7 7
3 4 0
f 1 7
t 231 54
m 1 6
1 4 1
2 7 6
3 5 0
t 230 54
m 1 6
1 4 0
2 7 7
3 4 0
t 229 54
m 1 6
1 5 0
2 7 6
3 3 0
t 228 54
m 1 7
1 6 0
2 8 6
3 2 0
t 227 64
m 1 7
1 5 0
2 8 7
3 3 0
t 226 64
m 1 7
1 6 0
2 8 8
3 4 0
t 225 64
m 1 7
1 5 0
2 8 7
3 4 1
t 224 64
m 1 7
1 6 0
2 8 8
3 3 1
t 223 64
m 1 7
1 7 0
2 7 8
3 3 0
t 222 64
m 1 7
1 7 1
2 7 7
3 2 0
t 221 64
m 1 7
1 7 2
2 7 6
3 1 0
t 220 64
m 1 7
1 8 2
2 8 6
3 0 0
t 219 64
m 1 7
1 8 1
2 9 6
3 1 0
t 218 64
m 1 7
1 9 1
2 9 5
3 2 0
t 217 64
m 1 7
1 9 0
2 9 6
3 3 0
t 216 64
m 1 7
1 8 0
2 9 7
3 2 0
t 215 64
m 1 7
1 9 0
2 8 7
3 3 0
t 214 64
m 1 7
1 8 0
2 9 7
3 2 0
t 213 64
m 1 7
1 7 0
2 9 6
3 1 0
t 212 64
m 1 7
1 8 0
2 8 6
3 2 0
t 211 64
m 1 7
1 7 0
2 9 6
3 1 0
t 210 64
m 1 7
1 6 0
2 8 6
3 2 0
t 209 64
m 1 7
1 7 0
2 7 6
3 1 0
t 208 64
m 1 7
1 7 1
2 7 5
3 2 0
t 207 64
m 1 7
1 8 1
2 8 5
3 1 0
t 206 64
m 1 7
1 9 1
2 7 5
3 2 0
t 205 64
m 1 7
1 8 1
2 6 5
3 1 0
t 204 64
m 1 7
1 8 0
2 7 5
3 1 1
t 203 64
m 1 7
1 7 0
2 7 6
3 1 0
t 202 64
m 1 7
1 6 0
2 7 7
3 1 1
t 201 64
m 1 7
1 7 0
2 8 7
3 1 0
t 200 64
m 1 7
1 7 1
2 8 8
3 2 0
t 199 64
m 1 7
1 7 0
2 7 8
3 1 0
t 198 64
m 1 7
1 8 0
2 7 9
3 1 1
t 197 64
m 1 7
1 8 1
2 6 9
3 1 0
t 196 64
m 1 7
1 7 1
2 6 8
3 1 1
t 195 64
m 1 7
1 8 1
2 6 9
3 0 1
t 194 64
m 1 7
1 9 1
2 7 9
3 1 1
t 193 64
m 1 7
1 8 1
2 7 8
3 1 2
t 192 64
m 0 7
1 8 0
2 7 7
3 2 2
f 7 13
t 191 64
m 1 7
1 8 1
2 8 7
3 1 2
t 190 64
m 1 8
1 8 2
2 8 6
3 1 3
t 189 64
m 2 8
1 7 2
2 7 6
3 0 3
t 188 64
m 2 9
1 8 2
2 8 6
3 1 3
t 187 64
m 3 9
1 7 2
2 9 6
3 1 2
t 186 64
m 3 8
1 7 1
2 9 7
3 2 2
t 185 65
m 3 7
1 7 2
2 8 7
3 3 2
t 184 65
m 3 8
1 8 2
2 8 8
3 3 1
t 183 65
m 3 7
1 9 2
2 8 9
3 3 0
t 182 65
m 4 7
1 9 3
2 8 8
3 3 1
t 181 67
m 3 7
1 9 2
2 7 8
3 3 2
t 180 67
m 3 6
1 9 1
2 7 7
3 2 2
t 179 68
m 4 6
1 9 0
2 8 7
3 1 2
t 178 70
m 4 5
1 9 1
2 8 6
3 1 1
t 177 71
m 4 4
1 8 1
2 9 6
3 1 0
t 176 73
m 5 4
1 9 1
2 8 6
3 1 1
t 175 73
m 5 5
1 9 2
2 7 6
3 1 0
t 174 73
m 5 6
1 9 1
2 8 6
3 2 0
t 173 74
m 5 6
1 8 1
2 8 5
3 3 0
t 172 74
m 4 6
1 9 1
2 9 5
3 2 0
t 171 74
m 4 5
1 8 1
2 8 5
3 3 0
t 170 74
m 4 4
1 8 2
2 8 6
3 4 0
t 169 74
m 4 5
1 9 2
2 8 7
3 4 1
t 168 74
m 5 5
1 8 2
2 7 7
3 4 0
t 167 74
m 6 5
1 7 2
2 7 8
3 4 1
t 166 74
m 6 4
1 8 2
2 7 7
3 3 1
t 165 76
m 6 3
1 7 2
2 8 7
3 4 1
t 164 77
m 6 3
1 8 2
2 9 7
3 4 0
t 163 77
m 7 3
1 7 2
2 9 6
3 4 1
t 162 77
m 6 3
1 8 2
2 9 7
3 3 1
t 161 77
m 6 4
1 8 1
2 8 7
3 3 2
t 160 77
m 7 4
1 8 0
2 9 7
3 3 3
t 159 79
m 6 4
1 7 0
2 9 8
3 3 2
t 158 79
m 6 5
1 7 1
2 9 9
3 3 1
t 157 79
m 7 5
1 7 2
2 8 9
3 3 2
t 156 79
m 8 5
1 7 1
2 8 10
3 3 3
t 155 80
m 9 5
1 7 0
2 8 9
3 3 2
t 154 82
m 9 4
1 6 0
2 9 9
3 3 1
t 153 83
m 9 3
1 5 0
2 8 9
3 3 0
t 152 85
m 9 3
1 4 0
2 7 9
3 2 0
t 151 85
m 9 4
1 5 0
2 7 8
3 1 0
t 150 85
m 9 4
1 6 0
2 8 8
3 0 0
t 149 85
m 9 3
1 5 0
2 7 8
3 0 1
t 148 85
m 9 3
1 6 0
2 6 8
3 0 0
t 147 85
m 9 4
1 5 0
2 7 8
3 0 1
t 146 85
m 9 4
1 6 0
2 6 8
3 1 1
t 145 85
m 9 4
1 5 0
2 7 8
3 1 2
t 144 85
m 9 3
1 6 0
2 7 9
3 0 2
t 143 85
m 9 4
1 5 0
2 8 9
3 0 3
t 142 85
m 9 4
1 6 0
2 8 8
3 0 4
t 141 85
m 9 4
1 7 0
2 7 8
3 0 5
t 140 85
m 9 3
1 8 0
2 6 8
3 0 6
t 139 85
m 9 4
1 7 0
2 5 8
3 1 6
t 138 85
m 9 4
1 8 0
2 4 8
3 1 5
t 137 85
m 9 3
1 8 1
2 5 8
3 1 4
t 136 85
m 9 4
1 8 2
2 6 8
3 1 5
t 135 85
m 9 4
1 8 1
2 5 8
3 1 4
t 134 85
m 9 5
1 8 2
2 6 8
3 0 4
t 133 85
m 9 6
1 7 2
2 5 8
3 0 3
t 132 86
m 8 6
1 7 3
2 4 8
3 1 3
t 131 88
m 8 7
1 7 2
2 4 7
3 0 3
t 130 90
m 8 8
1 7 1
2 3 7
3 0 2
t 129 90
m 8 9
1 8 1
2 4 7
3 0 1
t 128 91
m 7 9
1 7 1
2 3 7
3 0 0
t 127 91
m 6 9
1 7 2
2 3 8
3 1 0
t 126 93
m 7 9
1 7 1
2 2 8
3 1 1
t 125 93
m 7 10
1 7 2
2 2 9
3 1 0
t 124 93
m 7 11
1 8 2
2 2 8
3 2 0
t 123 94
m 7 12
1 9 2
2 3 8
3 3 0
t 122 94
m 7 13
1 8 2
2 2 8
3 2 0
t 121 104
m 7 13
1 9 2
2 2 9
3 1 0
t 120 104
m 7 13
1 9 3
2 3 9
3 0 0
t 119 104
m 7 13
1 9 4
2 3 8
3 0 1
t 118 104
m 7 13
1 9 5
2 3 7
3 1 1
t 117 104
m 7 13
1 8 5
2 3 8
3 1 2
t 116 104
m 7 13
1 9 5
2 2 8
3 2 2
t 115 104
m 7 13
1 9 4
2 3 8
3 3 2
t 114 104
m 7 13
1 9 3
2 4 8
3 3 1
t 113 104
m 7 13
1 9 2
2 3 8
3 3 0
f 0 4
t 112 104
m 7 13
1 8 2
2 3 9
3 2 0
t 111 104
m 7 12
1 9 2
2 3 10
3 3 0
t 110 104
m 7 12
1 9 1
2 4 10
3 2 0
t 109 104
m 7 13
1 9 2
2 5 10
3 3 0
t 108 104
m 7 12
1 8 2
2 4 10
3 3 1
t 107 104
m 8 12
1 9 2
2 3 10
3 4 1
t 106 106
m 9 12
1 8 2
2 2 10
3 4 0
t 105 107
m 9 13
1 9 2
2 1 10
3 3 0
t 104 109
m 9 14
1 9 1
2 1 9
3 3 1
t 103 110
m 8 14
1 9 2
2 0 9
3 3 2
t 102 110
m 7 14
1 9 3
2 0 10
3 2 2
t 101 112
m 7 13
1 9 2
2 0 11
3 1 2
t 100 112
m 7 12
1 9 3
2 0 12
3 1 1
t 99 112
m 7 11
1 9 2
2 0 13
3 0 1
t 98 112
m 7 10
1 9 3
2 0 12
3 1 1
t 97 112
m 8 10
1 9 4
2 0 13
3 1 0
t 96 113
m 9 10
1 9 5
2 0 14
3 1 1
t 95 115
m 9 11
1 9 4
2 0 13
3 1 2
t 94 116
m 9 10
1 9 5
2 0 12
3 1 3
t 93 116
m 9 9
1 9 4
2 0 13
3 1 2
t 92 116
m 9 8
1 9 3
2 0 12
3 0 2
t 91 118
m 9 7
1 9 2
2 0 13
3 0 3
t 90 118
m 8 7
1 9 1
2 0 14
3 1 3
t 89 118
m 8 8
1 8 1
2 0 13
3 1 4
t 88 118
m 7 8
1 9 1
2 0 14
3 0 4
t 87 118
m 6 8
1 9 2
2 0 13
3 0 3
t 86 119
m 5 8
1 8 2
2 0 14
3 1 3
t 85 121
m 4 8
1 9 2
2 0 13
3 1 4
t 84 121
m 4 9
1 9 3
2 0 12
3 0 4
t 83 121
m 4 8
1 9 2
2 0 13
3 1 4
t 82 121
m 4 7
1 8 2
2 0 12
3 0 4
t 81 121
m 3 7
1 7 2
2 0 11
3 1 4
t 80 121
m 3 7
1 8 2
2 0 10
3 0 4
t 79 121
m 3 6
1 9 2
2 0 11
3 1 4
t 78 121
m 3 6
1 9 1
2 0 10
3 1 5
t 77 121
m 3 6
1 9 2
2 1 10
3 1 6
t 76 121
m 4 6
1 9 1
2 0 10
3 1 5
t 75 121
m 4 6
1 8 1
2 1 10
3 1 6
t 74 121
m 3 6
1 8 2
2 2 10
3 1 7
t 73 121
m 3 5
1 7 2
2 3 10
3 0 7
t 72 121
m 3 4
1 8 2
2 4 10
3 1 7
t 71 122
m 3 4
1 9 2
2 5 10
3 0 7
t 70 122
m 3 3
1 8 2
2 4 10
3 1 7
t 69 124
m 3 3
1 8 1
2 4 9
3 0 7
t 68 124
m 3 3
1 8 2
2 3 9
3 0 8
t 67 124
m 3 4
1 7 2
2 3 8
3 1 8
t 66 124
m 4 4
1 7 3
2 3 7
3 0 8
t 65 124
m 4 4
1 6 3
2 3 6
3 0 7
t 64 124
m 4 4
1 7 3
2 3 7
3 1 7
t 63 124
m 3 4
1 7 4
2 3 6
3 1 8
t 62 124
m 3 3
1 7 5
2 3 7
3 1 9
t 61 124
m 3 2
1 7 6
2 3 8
3 1 10
t 60 124
m 3 1
1 7 7
2 3 9
3 2 10
t 59 125
m 3 0
1 8 7
2 2 9
3 2 9
t 58 127
m 2 0
1 8 6
2 2 10
3 2 10
t 57 128
m 1 0
1 8 5
2 1 10
3 1 10
t 56 130
m 0 0
1 7 5
2 1 11
3 1 11
t 55 131
m 0 0
1 7 4
2 1 10
3 0 11
t 54 131
m 0 1
1 6 4
2 1 9
3 0 10
t 53 133
m 0 1
1 6 5
2 1 10
3 0 9
t 52 133
m 0 2
1 6 6
2 1 11
3 0 10
t 51 133
m 0 3
1 7 6
2 2 11
3 1 10
t 50 134
m 0 4
1 7 5
2 2 10
3 0 10
t 49 144
m 0 4
1 6 5
2 2 11
3 0 9
t 48 144
m 0 3
1 6 4
2 2 12
3 1 9
t 47 144
m 0 4
1 7 4
2 2 11
3 1 10
t 46 144
m 0 4
1 7 5
2 2 12
3 0 10
f 0 1
t 45 144
m 0 3
1 7 6
2 2 13
3 0 9
t 44 144
m 0 2
1 7 5
2 2 14
3 0 8
t 43 144
m 0 1
1 6 5
2 2 13
3 1 8
t 42 154
m 0 1
1 5 5
2 2 14
3 1 9
t 41 154
m 0 0
1 6 5
2 2 13
3 2 9
f 8 6
t 40 154
m 1 0
1 6 4
2 2 12
3 3 9
t 39 154
m 1 1
1 6 3
2 2 13
3 2 9
t 38 154
m 1 2
1 7 3
2 2 12
3 1 9
t 37 154
m 1 2
1 7 4
2 2 13
3 2 9
t 36 154
m 1 1
1 7 5
2 2 14
3 2 8
t 35 154
m 0 1
1 8 5
2 2 13
3 2 9
t 34 154
m 0 1
1 9 5
2 2 14
3 3 9
t 33 154
m 1 1
1 8 5
2 2 13
3 4 9
t 32 154
m 1 2
1 7 5
2 2 14
3 3 9
t 31 154
m 0 2
1 8 5
2 2 13
3 3 8
t 30 154
m 0 2
1 7 5
2 2 14
3 3 7
t 29 154
m 1 2
1 7 4
2 2 13
3 3 8
t 28 154
m 0 2
1 7 5
2 2 14
3 3 9
t 27 154
m 0 1
1 6 5
2 2 13
3 4 9
t 26 154
m 1 1
1 6 4
2 2 14
3 4 10
t 25 154
m 1 2
1 7 4
2 2 13
3 5 10
t 24 154
m 1 3
1 7 3
2 2 14
3 4 10
t 23 154
m 0 3
1 6 3
2 2 13
3 5 10
t 22 154
m 0 4
1 7 3
2 2 14
3 4 10
t 21 154
m 1 4
1 7 2
2 2 13
3 4 11
t 20 154
m 1 5
1 7 3
2 2 14
3 4 10
t 19 154
m 1 5
1 6 3
2 2 13
3 4 11
t 18 154
m 1 6
1 6 4
2 2 14
3 4 10
t 17 154
m 1 6
1 7 4
2 2 13
3 3 10
t 16 154
m 1 7
1 6 4
2 2 12
3 4 10
t 15 154
m 1 6
1 6 3
2 2 13
3 4 9
t 14 154
m 0 6
1 6 4
2 2 14
3 4 8
t 13 154
m 0 6
1 7 4
2 2 13
3 4 7
t 12 154
m 1 6
1 7 5
2 2 12
3 4 8
t 11 154
m 1 5
1 6 5
2 2 13
3 4 9
t 10 154
m 1 6
1 5 5
2 2 14
3 3 9
t 9 154
m 0 6
1 4 5
2 2 13
3 2 9
t 8 154
m 0 7
1 5 5
2 2 12
3 3 9
t 7 154
m 0 7
1 4 5
2 2 13
3 4 9
t 6 154
m 0 6
1 4 4
2 2 12
3 4 8
t 5 154
m 1 6
1 4 5
2 2 11
3 4 9
t 4 154
m 1 6
1 3 5
2 2 10
3 4 8
t 3 154
m 0 6
1 3 6
2 3 10
3 3 8
t 2 154
m 1 6
1 4 6
2 2 10
3 2 8
t 1 154
m 1 6
1 5 6
2 2 11
3 3 8
t 0 154
